,name,sequence,dot_bracket,cleavage_window,window_dot_bracket,cleavage_window_comp,label
0,hsa-mir-7843,GUAGACAGGAUGAGGGCAGAGCCAGCUUCCUGAUCUGAUGGAAGUCAUGAAGCCUUCUCUGCCUUACGCUUGGCUCUGC,(((((((((...(((((((((...(((((.(((.((......))))).)))))...)))))))))...))))..))))),UUCCUGAUCUGAUG,(((.(((.((....,AAGOACUOGAOOOO,1
1,hsa-mir-4694,CAAAUACAUAGGUGUUAUCCUAUCCAUUUGCCUCUCUCAGAAAAUAGAGUCAAAUGGACAGGAUAACACCUAUGUAUUUG,(((((((((((((((((((((.((((((((.((((..........)))).)))))))).))))))))))))))))))))),CAUUUGCCUCUCUC,((((((.((((...,GUAAACOGAGAOOO,1
2,hsa-mir-548ar,AAAAGUAAUUGCAGUUUUUGCUGUUGAACGUAGUGGUAAAACUGCAGUUAUUUUUGC,((((((((((((((((((.(((((((....)))))))))))))))))))))))))..,UUUUUGCUGUUGAA,((((.(((((((..,AAAAOUGGUGAUOO,1
3,hsa-mir-4697,GGGCCCAGAAGGGGGCGCAGUCACUGACGUGAAGGGACCACAUCCCGCUUCAUGUCAGUGACUCCUGCCCCUUGGUCU,(((((....((((((((.((((((((((((((((((........)).))))))))))))))))..))))))))))))),UGACGUGAAGGGAC,((((((((((((..,ACUGUACUUCCCOO,1
4,hsa-mir-133a-2,GGGAGCCAAAUGCUUUGCUAGAGCUGGUAAAAUGGAACCAAAUCGACUGUCCAAUGGAUUUGGUCCCCUUCAACCAGCUGUAGCUGUGCAUUGAUGGCGCCG,.((.(((((((((...((((.(((((((..((.((.((((((((.(........).)))))))).)).))..))))))).))))...)))))..)))).)).,ACCAAAUCGACUGU,((((((((.(....,UGGUUUAGOUOOOO,1
5,hsa-mir-4703,UUAUGCAUAUUAGCAAUACAGUACAAAUAUAGUGUGUUUGAUUUGCACUGUAGUUGUAUUGUAUUGCCACUCUGUAUAA,.((((((.....((((((((((((((.(((((((((.......))))))))).)))))))))))))).....)))))).,AUAUAGUGUGUUUG,.(((((((((....,OAUGUCACGUOOOO,1
6,hsa-mir-6846,CAGGCUGGGGGCUGGAUGGGGUAGAGUAGGAGAGCCCACUGACCCCUUCUGUCUCCCUAG,....(((((((.((((.(((((..(((.((....)).))).))))).)))).).)))))),GUAGAGUAGGAGAG,((..(((.((....,CAOOUCAOCCOOOO,1
7,hsa-mir-5196,UCUGAGGAGACCUGGGCUGUCAGAGGCCAGGGAAGGGGACGAGGGUUGGGGAACAGGUGGUUAGCACUUCAUCCUCGUCUCCCUCCCAGGUUAGAAGGGCCCCCCUCUCUGAAGG,.((..(((((...(((((.((...((((.((((.((((((((((((.((......((((.....)))))))))))))))))).)))).)))).))..)))))...)))))..)).,GGUUGGGGAACAGG,(((.((......((,CUAOCUOOOOOOUC,1
8,hsa-mir-6512,UAUGCUCUUACCAUUAGAAGAGCUGGAAGAAGGCUGAGGGAGAUGCCUUCUUCCAGCCCUUCUAAUGGUAGGAGCAU,.(((((((((((((((((((.(((((((((((((..........))))))))))))).))))))))))))))))))),UGGAAGAAGGCUGA,(((((((((((...,ACCUUCUUCCGOOO,1
9,hsa-mir-520b,CCCUCUACAGGGAAGCGCUUUCUGUUGUCUGAAAGAAAAGAAAGUGCUUCCUUUUAGAGGG,(((((((.(((((((((((((((....(((...)))..))))))))))))))).))))))),CGCUUUCUGUUGUC,((((((((....((,GUGAAAGAOOOOAG,1
10,hsa-mir-504,GCUGCUGUUGGGAGACCCUGGUCUGCACUCUAUCUGUAUUCUUACUGAAGGGAGUGCAGGGCAGGGUUUCCCAUACAGAGGGC,(((.((((((((((((((((.((((((((((.((.(((....))).))..)))))))))).)))))))))))).))))..))),CUCUAUCUGUAUUC,((((.((.(((...,GAGGOAGOCAUOOO,1
11,hsa-mir-345,ACCCAAACCCUAGGUCUGCUGACUCCUAGUCCAGGGCUCGUGAUGGCUGGUGGGCCCUGAACGAGGGGUCUGGAGGCCUGGGUUUGAAUAUCGACAGC,...(((((((.((((((.(.(((((((.((.((((((((((........)))))))))).)).))))))).).)))))))))))))............,AGGGCUCGUGAUGG,(((((((((.....,UCCCGGGUGOOOOO,1
12,hsa-mir-10401,CGUGUGGGAAGGCGUGGGGUGCGGACCCCGGCCCGACCUCGCCGUCCCGCCCGCCG,((.((((((.(((((.((((.(((...))))))).))...))).)))))).))...,GUGGGGUGCGGACC,((.((((.(((...,CAOCCCGOGCCOOO,1
13,hsa-mir-4667,UGACUGGGGAGCAGAAGGAGAACCCAAGAAAAGCUGACUUGGAGGUCCCUCCUUCUGUCCCCACAG,....((((((.(((((((((..((((((.........))))).)....)))))))))))))))...,GAGAACCCAAGAAA,(((..((((((...,CUCOOGGGUUCOOO,1
14,hsa-mir-1295b,CACCCAGAUCUGCGGCCUAAUCACAGGCCACAUUUCUGAAUAGGCCACGGAUCUGGGCAA,..((((((((((.((((((.(((.(((.....))).))).)))))).))))))))))...,GCCUAAUCACAGGC,(((((.(((.(((.,CGGAUOAGUOUUUO,1
15,hsa-mir-4708,UUUAGGAGAGAGAUGCCGCCUUGCUCCUUGAACAGGAGGAGCAAGGCGGCAUCUCUCUGAUACUAAA,......(((((((((((((((((((((((......))))))))))))))))))))))).........,GCUCCUUGAACAGG,(((((((......),CGAGGAGOOOOOOU,1
16,hsa-mir-323a,UUGGUACUUGGAGAGAGGUGGUCCGUGGCGCGUUCGCUUUAUUUAUGGCGCACAUUACACGGUCGACCUCUUUGCAGUAUCUAAUC,..((((((.(.((((((((.(.(((((..(.((.((((........)))).)).)..))))).).)))))))).))))))).....,CGUUCGCUUUAUUU,.((.((((......,OCAOGCGGOOOOOO,1
17,hsa-mir-15b,UUGAGGCCUUAAAGUACUGUAGCAGCACAUCAUGGUUUACAUGCUACAGUCAAGAUGCGAAUCAUUAUUUGCUGCUCUAGAAAUUUAAGGAAAUUCAU,.((((.(((((((...(((.(((((((.((.(((((((.(((.((.......))))).))))))).)).))))))).)))...)))))))...)))).,GUUUACAUGCUACA,((((.(((.((...,UAAGOGUAOGAOOO,1
18,hsa-mir-625,AGGGUAGAGGGAUGAGGGGGAAAGUUCUAUAGUCCUGUAAUUAGAUCUCAGGACUAUAGAACUUUCCCCCUCAUCCCUCUGCCCU,(((((((((((((((((((((((((((((((((((((...........))))))))))))))))))))))))))))))))))))),AUAGUCCUGUAAUU,(((((((((.....,UAUCAGGACOOOOO,1
19,hsa-mir-4693,GUUUAAAGAAUACUGUGAAUUUCACUGUCACAAAUUCAAAUAAAGUGAGAGUGGAAUUCACAGUAUUUAAGGAAU,.......(((((((((((((((((((.((((.............)))).))))))))))))))))))).......,UGUCACAAAUUCAA,(.((((........,AOAGUGOOOOOOOO,1
20,hsa-mir-6733,GUGCUUGGGAAAGACAAACUCAGAGUUCCCUUCUUGUGAGCUCAGUGUCUGGAUUUCCUAG,.....(((((((..((.((.(.((((((.(.....).)))))).).)).))..))))))).,CAGAGUUCCCUUCU,(.((((((.(....,GOCUCGAGOGOOOO,1
21,hsa-mir-670,GUUUAGGGGUGGACCUGAUGUCCCUGAGUGUAUGUGGUGAACCUGAAUUUGCCUUGGGUUUCCUCAUAUUCAUUCAGGAGUGUCAGUUGCCCCUUCAC,((..((((((((..((((((.(((((((((.((((((.((((((((.......)))))))).).))))).)))))))).)))))))))))))))..)),UGUGGUGAACCUGA,(((((.((((((((,AUACCOUUUGGGUU,1
22,hsa-mir-125a,UGCCAGUCUCUAGGUCCCUGAGACCCUUUAACCUGUGAGGACAUCCAGGGUCACAGGUGAGGUUCUUGGGAGCCUGGCGUCUGGCC,.(((((.(.((((((.(((((((.((((..((((((((((....))....)))))))))))).))))))).)))))).).))))).,CCUGUGAGGACAUC,(((((((((....),GGACACUCCOOOOG,1
23,hsa-mir-514a-1,AACAUGUUGUCUGUGGUACCCUACUCUGGAGAGUGACAAUCAUGUAUAAUUAAAUUUGAUUGACACUUCUGUGAGUAGAGUAACGCAUGACACGUACG,...((((.(((((((.(((.((((((((((.((((.((((((.((........)).)))))).)))))))).)))))).))).)))).)))))))...,AAUCAUGUAUAAUU,(((((.((......,UUAGUOUAOOOOOO,1
24,hsa-mir-6743,GGGUAAAGGGGCAGGGACGGGUGGCCCCAGGAAGAAGGGCCUGGUGGAGCCGCUCUUCUCCCUGCCCACAG,........(((((((((.(((((((((((((........))))..)).)))))))...)))))))))....,GUGGCCCCAGGAAG,(((((((((((...,CGCCGGGGUCCOOO,1
25,hsa-mir-520d,UCUCAAGCUGUGAGUCUACAAAGGGAAGCCCUUUCUGUUGUCUAAAAGAAAAGAAAGUGCUUCUCUUUGGUGGGUUACGGUUUGAGA,(((((((((((((.((..(((((((((((.((((((....(((...)))..)))))).)))))))))))..)).))))))))))))),CCCUUUCUGUUGUC,(.((((((....((,GOGAAAGAOOOOAG,1
26,hsa-mir-6819,GAGGGUUGGGGUGGAGGGCCAAGGAGCUGGGUGGGGUGCCAAGCCUCUGUCCCCACCCCAG,......((((((((.((((..(((.(((.(((.....))).))).))))))))))))))).,AAGGAGCUGGGUGG,.(((.(((.(((..,OUCUOCGAOCCGOO,1
27,hsa-mir-483,GAGGGGGAAGACGGGAGGAAAGAAGGGAGUGGUUCCAUCACGCCUCCUCACUCCUCUCCUCCCGUCUUCUCCUCUC,(((((((((((((((((((.((.((.(((.(((........)))..))).)).)).))))))))))))).)))))),AAGGGAGUGGUUCC,.((.(((.(((...,OUCOCUCOCCGOOO,1
28,hsa-mir-548b,CAGACUAUAUAUUUAGGUUGGCGCAAAAGUAAUUGUGGUUUUGGCCUUUAUUUUCAAUGGCAAGAACCUCAGUUGCUUUUGUGCCAACCUAAUACUU,............(((((((((((((((((((((((.((((((.(((............))).)))))).))))))))))))))))))))))).....,UUUGGCCUUUAUUU,(((.(((.......,AGAOCGGOOOOOOO,1
29,hsa-mir-128-2,UGUGCAGUGGGAAGGGGGGCCGAUACACUGUACGAGAGUGAGUAGCAGGUCUCACAGUGAACCGGUCUCUUUCCCUACUGUGUC,...((((((((.((((((((((...((((((..((((.(........).))))))))))...)))))))))).))))))))...,UACGAGAGUGAGUA,(..((((.(.....,AOOCUCUOGOOOOO,1
30,hsa-mir-331,GAGUUUGGUUUUGUUUGGGUUUGUUCUAGGUAUGGUCCCAGGGAUCCCAGAUCAAACCAGGCCCCUGGGCCUAUCCUAGAACCAACCUAAGCUC,............(((((((((.((((((((.((((.(((((((...((...........)).))))))).)))))))))))).)))))))))..,GGGAUCCCAGAUCA,(((...((......,CCCOOOGGOOOOOO,1
31,hsa-mir-127,UGUGAUCACUGUCUCCAGCCUGCUGAAGCUCAGAGGGCUCUGAUUCAGAAAGAUCAUCGGAUCCGUCUGAGCUUGGCUGGUCGGAAGUCUCAUCAUC,.(((((.(((...(((.(((.(((.(((((((((.((.((((((((.....))..)))))).)).)))))))))))).))).))))))...))))).,CUCUGAUUCAGAAA,.((((((((.....,OAGGCUAAGOOOOO,1
32,hsa-mir-6720,UUGAGCGAGAGAUUGUGGCGCACCGAGUUCUUCCAGCCCUGGUAGGCGCCGCGGAAGAAGGGGAAGCGCGCCUGCAGGAACUGGUAGAUCUCGCUGAG,.(.(((((((.....(((....)))...(((.((((.((((.(((((((.((.............)))))))))))))..)))).)))))))))).).,CGCCGCGGAAGAAG,(((.((........,GCGOCGOOOOOOOO,1
33,hsa-mir-379,AGAGAUGGUAGACUAUGGAACGUAGGCGUUAUGAUUUCUGACCUAUGUAACAUGGUCCACUAACUCU,((((.((((.(((((((..(((((((((..........)).)))))))..))))))).)))).)))),ACGUAGGCGUUAUG,(((((((((.....,UGUAUCCGUOOOOO,1
34,hsa-mir-328,UGGAGUGGGGGGGCAGGAGGGGCUCAGGGAGAAAGUGCAUACAGCCCCUGGCCCUCUCUGCCCUUCCGUCCCCUG,.(((.((((((((((((.(((((.(((((.......((.....)))))))))))).)))))))))))))))....,CUCAGGGAGAAAGU,(.(((((.......,GOGUCCCOOOOOOO,1
35,hsa-mir-6816,CCGAGUGGGGCGGGGCAGGUCCCUGCAGGGACUGUGACACUGAAGGACCUGCACCUUCGCCCACAG,....((((((.(((((((((((.(.((((........).)))).)))))))).))).).)))))..,UCCCUGCAGGGACU,(((.(.((((....,AGGOAOGUCCOOOO,1
36,hsa-mir-371b,GGUAACACUCAAAAGAUGGCGGCACUUUCACCAGAGAGCAGAAAGUGCCCCCACAGUUUGAGUGCC,.....((((((((...(((.(((((((((...........))))))))).)))...))))))))..,GCACUUUCACCAGA,((((((((......,CGUGAAAGOOOOOO,1
37,hsa-mir-188,UGCUCCCUCUCUCACAUCCCUUGCAUGGUGGAGGGUGAGCUUUCUGAAAACCCCUCCCACAUGCAGGGUUUGCAGGAUGGCGAGCC,.((((((..(((..((..(((((((((..((((((....(.....).....))))))..)))))))))..))..))).)).)))).,UGGAGGGUGAGCUU,.((((((....(..,OCCUCCCOOOOGOO,1
38,hsa-mir-6769b,CUUCCUGGUGGGUGGGGAGGAGAAGUGCCGUCCUCAUGAGCCCCUCUCUGUCCCACCCAUAG,.......((((((((((.(((((.(.(((((....))).)).).))))).))))))))))..,GAAGUGCCGUCCUC,((.(.(((((....,CUOCOCGGUAOOOO,1
39,hsa-mir-205,AAAGAUCCUCAGACAAUCCAUGUGCUUCUCUUGUCCUUCAUUCCACCGGAGUCUGUCUCAUACCCAACCAGAUUUCAGUGGAGUGAAGUUCAGGAGGCAUGGAGCUGACA,........((((.(..(((((((....((((((..(((((((((((.((((((((.............)))))))).)))))))))))..))))))))))))))))))..,GAGUCUGUCUCAUA,(((((((.......,UUUAGACOOOOOOO,1
40,hsa-mir-520c,UCUCAGGCUGUCGUCCUCUAGAGGGAAGCACUUUCUGUUGUCUGAAAGAAAAGAAAGUGCUUCCUUUUAGAGGGUUACCGUUUGAGA,((((((((.((..(((((((((((((((((((((((....(((...)))..)))))))))))))))))))))))..)).)))))))),CUUUCUGUUGUCUG,((((((....(((.,GAAAGAOOOOAGAO,1
41,hsa-mir-10a,GAUCUGUCUGUCUUCUGUAUAUACCCUGUAGAUCCGAAUUUGUGUAAGGAAUUUUGUGGUCACAAAUUCGUAUCUAGGGGAAUAUGUAGUUGACAUAAACACUCCGCUCU,....(((.((((..((((((((.((((.(((((.((((((((((................)))))))))).))))))))).))))))))..))))...))).........,AUUUGUGUAAGGAA,(((((((.......,UAAACACOOOOOOO,1
42,hsa-mir-7155,UCUGGGGUCUUGGGCCAUCUGGUUGUGACAUCACUGAUGGCCCAAGACCUCAGACC,(((((((((((((((((((((((......))))..)))))))))))))))))))..,GGCCAUCUGGUUGU,(((((((((((...,CCGGUAGACUAOOO,1
43,hsa-mir-6805,UGGCCUAGGGGGCGGCUUGUGGAGUGUAUGGGCUGAGCCUUGCUCUGCUCCCCCGCCCCCAG,.......((((((((...((((((((...((((...))))))))))))....))))))))..,GGAGUGUAUGGGCU,((((((...((((.,UCUCGUOOOUCCGO,1
44,hsa-mir-6814,UUUCCUCCCAAGGGUGAGAUGCUGCCACCCAGCCCUGCAGAGCCCCUGACUCGCAUCCUUCCCUUGGCAG,....((.(((((((...((((((((...........)))(((.......))))))))...))))))).)),GCUGCCACCCAGCC,(((((.........,CGACGOOOOOOOOO,1
45,hsa-mir-6889,CUGUGUCGGGGAGUCUGGGGUCCGGAAUUCUCCAGAGCCUCUGUGCCCCUACUUCCCAG,.......(((((((..(((((.((((.(((....)))..)))).))))).)))))))..,CCGGAAUUCUCCAG,.((((.(((....),OGUCUOGAGOOOOC,1
46,hsa-mir-4776-1,CUAUAUGCAGUGGACCAGGAUGGCAAGGGCUCUCCUGAAAGGACAGUAGAGCCCUUGCCAUCCUGGUCCACUGCAUAUAG,(((((((((((((((((((((((((((((((((.(((......))).))))))))))))))))))))))))))))))))),AAGGGCUCUCCUGA,(((((((((.(((.,UUCCCGAGAOGACO,1
47,hsa-mir-454,UCUGUUUAUCACCAGAUCCUAGAACCCUAUCAAUAUUGUCUCUGCUGUGUAAAUAGUUCUGAGUAGUGCAAUAUUGCUUAUAGGGUUUUGGUGUUUGGAAAGAACAAUGGGCAGG,.(((((((((.((((((.((((((((((((((((((((((((.(((((....)))))...)))....)))))))))...)))))))))))).))))))...))....))))))).,UCUCUGCUGUGUAA,((((.(((((....,GGAGOUGAUAOOOO,1
48,hsa-mir-3177,CCACGUGCCAUGUGUACACACGUGCCAGGCGCUGUCUUGAGACAUUCGCGCAGUGCACGGCACUGGGGACACGUGGCACUGG,(((.(((((((((((...((.(((((..(((((((..(((.....))).)))))))..)))))))...)))))))))))))),AGGCGCUGUCUUGA,..(((((((..(((,OOCGUGACGOOGCU,1
49,hsa-mir-152,UGUCCCCCCCGGCCCAGGUUCUGUGAUACACUCCGACUCGGGCUCUGGAGCAGUCAGUGCAUGACAGAACUUGGGCCCGGAAGGACC,.((((..((.((((((((((((((.((.((((..((((...(((....))))))))))).)).)))))))))))))).))..)))).,UCCGACUCGGGCUC,(..((((...(((.,AOOCUGAOOOCGAO,1
50,hsa-mir-642a,AUCUGAGUUGGGAGGGUCCCUCUCCAAAUGUGUCUUGGGGUGGGGGAUCAAGACACAUUUGGAGAGGGAACCUCCCAACUCGGCCUCUGCCAUCAUU,....(((((((((((.((((((((((((((((((((((.........)))))))))))))))))))))).)))))))))))(((....)))......,UGUCUUGGGGUGGG,((((((((......,ACAGAACUOOOOOO,1
51,hsa-mir-6862-1,CGAAGCGGGCAUGCUGGGAGAGACUUUGUGAUUUGUCUCCAAAGCCUCACCCAGCUCUCUGGCCCUCUAG,...((.((((..((((((.(((.(((((.((......))))))).))).))))))......)))).))..,AGACUUUGUGAUUU,((.(((((.((...,UCOGAAACOCUOOO,1
52,hsa-mir-92a-2,UCAUCCCUGGGUGGGGAUUUGUUGCAUUACUUGUGUUCUAUAUAAAGUAUUGCACUUGUCCCGGCCUGUGGAAGA,((.(((.(((((.(((((..((.(((.(((((((((...)))).))))).)))))..))))).))))).))).)),GCAUUACUUGUGUU,(((.(((((((((.,CGUOAUGAAUAUAO,1
53,hsa-mir-5195,GAGCAAAAACCAGAGAACAACAUGGGAGCGUUCCUAACCCCUAAGGCAACUGGAUGGGAGACCUGACCCAUCCAGUUCUCUGAGGGGGCUCUUGUGUGUUCUACAAGGUUGUUCA,(((((...(((..((((((.(((((((((........(((((.(((.(((((((((((........))))))))))).))).))))))))))))))))))))....)))))))).,UGGAUGGGAGACCU,((((((((......,ACCUACCCOOOOOO,1
54,hsa-mir-6888,GUGGGAAGGAGAUGCUCAGGCAGAUCUGUCUCUGAUUGUUUCCAAGAUCUGUCUCGAUUGUUUCCAG,.......(((((((.((((((((((((.................)))))))))).)).)))))))..,GGCAGAUCUGUCUC,(((((((((.....,CUGUCUAGAOOOOO,1
55,hsa-mir-5187,GACUAAGGGUGGGAUGAGGGAUUGAAGUGGAGCAGGAAUGCGCUUUUCUCCACUGAAUCCUCUUUUCCUCAGGUGG,..(((....(((((.((((((((..(((((((.((((......))))))))))).))))).))).))).))..))),AAGUGGAGCAGGAA,.(((((((.((((.,OUCACCUCOUUUUO,1
56,hsa-mir-143,GCGCAGCGCCCUGUCUCCCAGCCUGAGGUGCAGUGCUGCAUCUCUGGUCAGUUGGGAGUCUGAGAUGAAGCACUGUAGCUCAGGAAGAGAGAAGUUGUUCUGCAGC,((((((.((....((((.(..((((((.(((((((((.((((((.((((......)).)).)))))).))))))))).))))))..).))))....)).)))).)),CUCUGGUCAGUUGG,(((.((((......,GAGOCUAGOOOOOO,1
57,hsa-mir-219a-1,CCGCCCCGGGCCGCGGCUCCUGAUUGUCCAAACGCAAUUCUCGAGUCUAUGGCUCCGGCCGAGAGUUGAGUCUGGACGUCCCGAGCCGCCGCCCCCAAACCUCGAGCGGG,((((.(.((((.(((((((..(((.(((((.((.(((((((((.(((.........)))))))))))).)).))))))))..))))))).)))).........).)))).,CAAUUCUCGAGUCU,(((((((((.(((.,GUUGAGAGCOCGGO,1
58,hsa-mir-335,UGUUUUGAGCGGGGGUCAAGAGCAAUAACGAAAAAUGUUUGUCAUAAACCGUUUUUCAUUAUUGCUCCUGACCUCCUCUCAUUUGCUAUAUUCA,.....((((.((((((((.(((((((((.((((((((.((......)).)))))))).))))))))).)))))))).)))).............,AAAAUGUUUGUCAU,((((((.((.....,UUUUGCOAAOOOOO,1
59,hsa-mir-3145,UAUAUGAGUUCAACUCCAAACACUCAAAACUCAUUGUUGAAUGGAAUGAGAUAUUUUGAGUGUUUGGAAUUGAACUCGUAUA,(((((((((((((.(((((((((((((((((((((.(.....).))))))...))))))))))))))).))))))))))))),AAACUCAUUGUUGA,(((((((((.(...,UUUGAGUAAOGOOO,1
60,hsa-mir-4709,CUGCUUCAACAACAGUGACUUGCUCUCCAAUGGUAUCCAGUGAUUCGUUGAAGAGGAGGUGCUCUGUAGCAG,(((((......((((.(((((.((((.((((((.(((....))))))))).)))).)))).).))))))))),UCUCCAAUGGUAUC,(((.((((((.(((,AGAOGUUGCUOUAG,1
61,hsa-mir-4704,CUUAUCCUAGACACUAGGCAUGUGAGUGAUUGUCUUCCUCACUCAAUCAGUCACAUAUCUAGUGUCUAGAAUGAG,(((((.((((((((((((.((((((.((((((...........)))))).)))))).)))))))))))).))))),AGUGAUUGUCUUCC,(.((((((......,UOACUAACOOOOOO,1
62,hsa-mir-655,AACUAUGCAAGGAUAUUUGAGGAGAGGUUAUCCGUGUUAUGUUCGCUUCAUUCAUCAUGAAUAAUACAUGGUUAACCUCUUUUUGAAUAUCAGACUC,...........(((((((((((((((((((.((((((..((((((............))))))..)))))).)))))))))))))))))))......,UAUGUUCGCUUCAU,..((((((......,OOAUAAGUOOOOOO,1
63,hsa-mir-18b,UGUGUUAAGGUGCAUCUAGUGCAGUUAGUGAAGCAGCUUAGAAUCUACUGCCCUAAAUGCCCCUUCUGGCA,(((...((((.((((.(((.(((((.((................))))))).))).)))).))))...))),CAGUUAGUGAAGCA,((((.((.......,GUCAOUCOOOOOOO,1
64,hsa-mir-7152,UUUCCUGUCCUCCAACCAGACCAUGCCACAUCCGUCUGGUCCUGGACAGGAGGC,.(((((((((....(((((((.(((...)))..)))))))...)))))))))..,CCAGACCAUGCCAC,((((((.(((...),GGUCUGOUACOOOG,1
65,hsa-mir-668,GGUAAGUGCGCCUCGGGUGAGCAUGCACUUAAUGUGGGUGUAUGUCACUCGGCUCGGCCCACUACC,((((.(((.(((((((((((.((((((((((...))))))))))))))))))...))).))))))),GAGCAUGCACUUAA,((.((((((((((.,CUOGUAUGUGGGUO,1
66,hsa-mir-4776-2,CUAUAUGCAGUGGACCAGGAUGGCAAGGGCUCUACUGUCCUUUCAGGAGAGCCCUUGCCAUCCUGGUCCACUGCAUAUAG,(((((((((((((((((((((((((((((((((.(((......))).))))))))))))))))))))))))))))))))),AAGGGCUCUACUGU,(((((((((.(((.,UUCCCGAGAOGACO,1
67,hsa-mir-6828,GGCUCAGGAAGCAAGAGAACCCUGUGGUCUAACCUUUCCCAUCUGCUCUCUUGUUCCCAG,......((.(((((((((.....((((...........))))....))))))))).))..,CCUGUGGUCUAACC,...((((.......,OOOUACCOOOOOOO,1
68,hsa-mir-365b,AGAGUGUUCAAGGACAGCAAGAAAAAUGAGGGACUUUCAGGGGCAGCUGUGUUUUCUGACUCAGUCAUAAUGCCCCUAAAAAUCCUUAUUGUUCUUGCAGUGUGCAUCGGG,...........(.((((((((((.((((((((..(((.(((((((((((.(((....))).)))).....))))))).))).)))))))).)))))))..))).)......,CAGCUGUGUUUUCU,((((((.(((....,GUUGACOCAGOOOO,1
69,hsa-mir-518d,UCCCAUGCUGUGACCCUCUAGAGGGAAGCACUUUCUGUUGUCUGAAAGAAACCAAAGCGCUUCCCUUUGGAGCGUUACGGUUUGAGA,((.((.((((((((.((((((((((((((.((((..(((.(((...)))))).)))).)))))))))))))).)))))))).)).)),CUUUCUGUUGUCUG,((((..(((.(((.,GAAAOOCAAOAGAO,1
70,hsa-mir-3691,UUGAGGCACUGGGUAGUGGAUGAUGGAGACUCGGUACCCACUGCUGAGGGUGGGGACCAAGUCUGCGUCAUCCUCUCCUCAGUGCCUCAA,.((((((((((((.((.((((((((.(((((.(((.((((((......)))))).))).))))).)))))))).)).)))))))))))).,UCGGUACCCACUGC,(.(((.((((((..,AOCCAOGGGUGGOO,1
71,hsa-mir-526b,UCAGGCUGUGACCCUCUUGAGGGAAGCACUUUCUGUUGUCUGAAAGAAGAGAAAGUGCUUCCUUUUAGAGGCUUACUGUCUGA,((((((.((((.(((((.((((((((((((((((.((.(.....).)).)))))))))))))))).))))).)))).)))))),UUUCUGUUGUCUGA,(((((.((.(....,AAAGAOAAOAOOOO,1
72,hsa-mir-6791,CCAGACCCCUGGGGCUGGGCAGGCGGAAAGAGGUCUGAACUGCCUCUGCCUCCUUGGUCUCCGGCAG,(((((((...(((((.((((((.((((......))))..))))))..)))))...)))))..))...,AGGCGGAAAGAGGU,((.((((......),UCOGUCUOOOOOOA,1
73,hsa-mir-6784,UACAGGCCGGGGCUUUGGGUGAGGGACCCCCGGAGUCUGUCACGGUCUCACCCCAACUCUGCCCCAG,........(((((...((((((((.....(((((.....)).))))))))))).......)))))..,GUGAGGGACCCCCG,((((((.....(((,CACUCUOOOOOGGC,1
74,hsa-mir-891a,CCUUAAUCCUUGCAACGAACCUGAGCCACUGAUUCAGUAAAAUACUCAGUGGCACAUGUUUGUUGUGAGGGUCAAAAGA,.(((.(((((((((((((((.((.((((((((.............)))))))).)).)))))))))))))))...))).,CCACUGAUUCAGUA,(((((((.......,GGUGACUOOOOOOO,1
75,hsa-mir-5008,GGGCUGACCCCUAGGGUCAGGUGAGGCCCUUGGGGCACAGUGGUGCCAUCUCCCCUGUGCUCCCAGGGCCUCGCCUGUCCCUUGAGGUCGGCCC,(((((((((.(.((((.(((((((((((((.(((((((((.((........)).))))))))).))))))))))))).)))).).))))))))),ACAGUGGUGCCAUC,((((.((.......,UGUCOCCOOOOOOO,1
76,hsa-mir-550b-1,AGAGACUUGUUGGAGAUGUGCCUGAGGGAGUAAGACACUAUCUUACAACAACAGGGCUCUUACUCCCUCAGGCACUGCACCAGCCAGCAAAGCAUCA,.(((..(((((((....((((((((((((((((((..((..............))..))))))))))))))))))........)))))))..).)).,UAAGACACUAUCUU,(((((..((.....,AUUCUOOGGOOOOO,1
77,hsa-mir-381,UACUUAAAGCGAGGUUGCCCUUUGUAUAUUCGGUUUAUUGACAUGGAAUAUACAAGGGCAAGCUCUCUGUGAGUA,((((((.((.(((.((((((((.((((((((.((........)).)))))))))))))))).))).)).)))))),UGUAUAUUCGGUUU,.((((((((.((..,OCAUAUAAGOUAOO,1
78,hsa-mir-6802,GAGGGCUAGGUGGGGGGCUUGAAGCCCCGAGAUGCCUCACGUCUUCACCCCUCUCACCUAAGCAG,....(((((((((((((..(((((.(..(((....)))..).)))))..)))))))))).)))..,UUGAAGCCCCGAGA,.(((((.(..(((.,OACUUCOGOOCUCO,1
79,hsa-mir-513a-2,GGAUGCCACAUUCAGCCAUUCAGUGUGCAGUGCCUUUCACAGGGAGGUGUCAUUUAUGUGAACUAAAAUAUAAAUUUCACCUUUCUGAGAAGGGUAAUGUACAGCAUGCACUGCAUAUGUGGUGUCC,(((((((((((.(((.(((....((((((.((((((((.((((((((((..((((((((........))))))))..)))))))))).)))))))).))))))..)))..)))...))))))))))),GUGUCAUUUAUGUG,(((..((((((((.,CACOOUAAAUAUAO,1
80,hsa-mir-187,GGUCGGGCUCACCAUGACACAGUGUGAGACCUCGGGCUACAACACAGGACCCGGGCGCUGCUCUGACCCCUCGUGUCUUGUGUUGCAGCCGGAGGGACGCAGGUCCGCA,.(.((((((.............((((...((((.((((.(((((((((((.((((.((......).).)).)).))))))))))).)))).))))..))))))))))).,CCCGGGCGCUGCUC,(.((((.((.....,GOGCCCOCGOOOOO,1
81,hsa-mir-374b,ACUCGGAUGGAUAUAAUACAACCUGCUAAGUGUCCUAGCACUUAGCAGGUUGUAUUAUCAUUGUCCGUGUCU,((.(((((((..(((((((((((((((((((((....)))))))))))))))))))))..))))))).))..,CUAAGUGUCCUAGC,((((((((....)),GAUUCACGOOOOUG,1
82,hsa-mir-6529,AACCUGUUCUCUUGAGAGAUCAGAGGCGCAGAGUGCGUCAGUGUCAAUGAAGCCUGUGCCUUUUACUUCUUUAAGAGCGUACGGU,...((((.((((((((((...((((((((((...((.(((.......))).))))))))))))...))).)))))))...)))).,CAGAGUGCGUCAGU,(((...((.(((..,GUCOOOCGOAGUOO,1
83,hsa-mir-4722,GGCAGGAGGGCUGUGCCAGGUUGGCUGGGCCAGGCCUGACCUGCCAGCACCUCCCUGCAG,.((((((((((((.((.(((((((((......)))).))))))))))).))).)))))..,CAGGUUGGCUGGGC,.(((((((((....,OUCCAGCCGGOOOO,1
84,hsa-mir-9851,GCGGUGAGCCUGGCGCUGGCAGUGUUGGUGACACUCACGUGGUGGUGGUGGCACCAGCACUGGCGGUGUCUGUACCAGCAG,((((((.....(((((((.(((((((((((.(((.(((......)))))).))))))))))).)))))))..)))).))..,UGACACUCACGUGG,((.(((.(((....,ACOGUGOGUGOOOO,1
85,hsa-mir-6716,GAGAGGCCAAGACCUUGGGAAUGGGGGUAAGGGCCUUCUGAGCCCAGGUCCGAACUCUCCAUUCCUCUGCAGAGCGCUCU,.((((((......(..((((((((((((..((((((.........))))))..)).))))))))))..)....)).)))),AAGGGCCUUCUGAG,..((((((......,OOCCUGGAOOOOOO,1
86,hsa-mir-497,CCACCCCGGUCCUGCUCCCGCCCCAGCAGCACACUGUGGUUUGUACGGCACUGUGGCCACGUCCAAACCACACUGUGGUGUUAGAGCGAGGGUGGGGGAGGCACCGCCGAGG,...((.(((((((.((((((((((((((.((((.(((((((((.(((((......)))..)).))))))))).)))).)))).....).))))))))))))....)))).)),GGUUUGUACGGCAC,((((((.(((((..,CCAAACOUGCCGOO,1
87,hsa-mir-103a-2,UUGUGCUUUCAGCUUCUUUACAGUGCUGCCUUGUAGCAUUCAGGUCAAGCAGCAUUGUACAGGGCUAUGAAAGAACCA,..((.(((((((((.((.(((((((((((.(((.(.(.....).))))))))))))))).)))))..)))))).))..,UGCCUUGUAGCAUU,(((.(((.(.(...,ACGOAACOUOGOOO,1
88,hsa-mir-1249,GGGAGGAGGGAGGAGAUGGGCCAAGUUCCCUCUGGCUGGAACGCCCUUCCCCCCCUUCUUCACCUG,.(((((((((.((.((.((((...(((((........))))))))).)).))))))))))).....,CCAAGUUCCCUCUG,(...(((((.....,GOOOCAAGGOOOOO,1
89,hsa-mir-6737,UUGGGUUGGGGUGGUCGGCCCUGGAGGGGGUUUGUUUGCUUAUUCCCCUCUGUGCUUCACCCCUACCCAG,.(((((.(((((((..(((.(.((((((((.............))))))))).)))))))))).))))).,CCUGGAGGGGGUUU,.(.((((((((...,OGOUCUCCCCUOOO,1
90,hsa-mir-6752,AUGGAGGGGGGUGUGGAGCCAGGGGGCCCAGGUCUACAGCUUCUCCCCGCUCCCUGCCCCCAUACUCCCAG,..(((((((((((.(((((..(((((...((((.....)))).)))))))))).)))))))...))))...,AGGGGGCCCAGGUC,.(((((...((((.,OCCCCUOOOUUCGO,1
91,hsa-mir-6503,AAUGGUCCCCCCAGGGAGGUCUGCAUUCAAAUCCCCAGAAGCUGAGGAUUAGGGGACUAGGAUGCAGACCUCCCUGGGGGACCAUU,(((((((((((.((((((((((((((((...(((((..((........)).)))))...))))))))))))))))))))))))))),CCCCAGAAGCUGAG,((((..((......,GGGGOOUUOOOOOO,1
92,hsa-mir-6890,UGGGCCAUGGGGUAGGGCAGAGUAGGGCUGGAUGGUAGGGCCCACUGCCUAUGCCCCACAG,.......(((((((((((((....(((((.........))))).)))))).)))))))...,GAGUAGGGCUGGAU,(....(((((....,COOOOCCCGGOOOO,1
93,hsa-let-7f-2,UGUGGGAUGAGGUAGUAGAUUGUAUAGUUUUAGGGUCAUACCCCAUCUUGGAGAUAACUAUACAGUCUACUGUCUUUCCCACG,.((((((.((((((((((((((((((((((((((((........))))))))....)))))))))))))))))))))))))).,UAUAGUUUUAGGGU,((((((((((((((,AUAUCAAGGUUCUA,1
94,hsa-mir-513a-1,GGGAUGCCACAUUCAGCCAUUCAGCGUACAGUGCCUUUCACAGGGAGGUGUCAUUUAUGUGAACUAAAAUAUAAAUUUCACCUUUCUGAGAAGGGUAAUGUACAGCAUGCACUGCAUAUGUGGUGUCCC,((((((((((((...((....(((((((((.((((((((.((((((((((..((((((((........))))))))..)))))))))).)))))))).))))).)).))....))..)))))))))))),GUGUCAUUUAUGUG,(((..((((((((.,CACOOUAAAUAUAO,1
95,hsa-mir-17,GUCAGAAUAAUGUCAAAGUGCUUACAGUGCAGGUAGUGAUAUGUGCAUCUACUGCAGUGAAGGCACUUGUAGCAUUAUGGUGAC,((((..(((((((..((((((((.((.(((((.(((((.......)).)))))))).)).))))))))...)))))))..)))),CAGGUAGUGAUAUG,(((.(((((.....,GUCOAUCACOOOOO,1
96,hsa-mir-380,AAGAUGGUUGACCAUAGAACAUGCGCUAUCUCUGUGUCGUAUGUAAUAUGGUCCACAUCUU,((((((...(((((((..(((((((.(((....))).)))))))..)))))))..)))))),CAUGCGCUAUCUCU,((((((.(((....,GUAUGCOGUGOOOO,1
97,hsa-mir-4524b,UAGCUGGGUGGAUGUGUUCUUUUGAAGGAUAGCAGCAUAAGCCUGUCUCAAAAUAAUUCUGCAGUGAGACAGGUUCAUGCUGCUAUCGUUCCAAAGAGGAAGGGUAAUCACUGUC,......(((((...(.((((((((((.(((((((((((.(((((((((((..............))))))))))).))))))))))).)))...))))))).)....)))))...,CUGUCUCAAAAUAA,((((((((......,GACAGAGUOOOOOO,1
98,hsa-mir-1237,GUGGGAGGGCCCAGGCGCGGGCAGGGGUGGGGGUGGCAGAGCGCUGUCCCGGGGGCGGGGCCGAAGCGCGGCGACCGUAACUCCUUCUGCUCCGUCCCCCAG,.((((.((((...((.(((((.((((((.(.(((.((...(((((((((((....))))))...))))).)).))).).))))))))))).)))))))))).,AAGCGCGGCGACCG,.))))).)).))).,OUCGCGOCGOUGGO,1
99,hsa-mir-526a-1,CUCAGGCUGUGACCCUCUAGAGGGAAGCACUUUCUGUUGCUUGAAAGAAGAGAAAGCGCUUCCUUUUAGAGGAUUACUCUUUGAG,((((((..((((.(((((((((((((((.((((((.((.((....)))).)))))).))))))))))))))).))))..)))))),CUUUCUGUUGCUUG,((((((.((.((..,GAAAGAOAAOGAOO,1
100,hsa-mir-424,CGAGGGGAUACAGCAGCAAUUCAUGUUUUGAAGUGUUCUAAAUGGUUCAAAACGUGAGGCGCUGCUAUACCCCCUCGUGGGGAAGGUAGAAGGUGGGG,(((((((.((.((((((..(((((((((((((.((((...)))).)))))))))))))..)))))).)).))))))).....................,UUUUGAAGUGUUCU,(((((((.((((..,AAAACUUOGUAAOO,1
101,hsa-mir-4680,UAUAAGAACUCUUGCAGUCUUAGAUGUUAUAAAAAUAUAUAUCUGAAUUGUAAGAGUUGUUAGCAC,..(((.((((((((((((.((((((((.(((....))))))))))))))))))))))).)))....,UAGAUGUUAUAAAA,(((((((.(((...,GUCUAUAOUAUOOO,1
102,hsa-mir-6849,CCUGGGAGUGGAUAGGGGAGUGUGUGGAGAGAGCACUGAGCCUGCCCACCAGCCUGUGUCCACCUCCAG,.(((((.(((((((.(((..((.((((..((.((.....))))..)))))).))).))))))).))))),GUGUGGAGAGAGCA,(.((((..((.((.,COCACCOOUCOCGO,1
103,hsa-mir-6817,AGGAUUCUGCCAUAGGAAGCUUGGAGUGGAACUGACCUGCCCCCUUUCUCUCUGACUCCAUGGCAG,......(((((((.(((.(.((((((.((((..(.......)..)))).))))))))))))))))),GGAGUGGAACUGAC,((((.((((..(..,UCUCOCUUUOOCOO,1
104,hsa-mir-4711,AAAUGUGCAUCAGGCCAGAAGACAUGAGCCCUUUGGAAAGGUCUCGUGUCUUCUGGCUUGAUGCACAUUU,((((((((((((((((((((((((((((.((((....)))).)))))))))))))))))))))))))))),ACAUGAGCCCUUUG,(((((((.((((..,UGUGCUCOGGAAOO,1
105,hsa-mir-6858,GUGAGGAGGGGCUGGCAGGGACCCCUCCAAGUUGGGGACGGCAGCCAGCCCCUGCUCACCCCUCGCC,(((((.((((((((((...(.((((........)))).)....)))))))))).)))))........,CAGGGACCCCUCCA,(...(.((((....,GOOOCOGGGGOOOO,1
106,hsa-mir-4793,UUUCUCCUCGCUGCCCGCACAUCCUGCUCCACAGGGCAGAGGGAGGCCAAGAAGACCUCUGCACUGUGAGUUGGCUGGCUGGAGGAA,....(((((.(.(((.((.((....((((.((((.(((((((.............))))))).)))))))))))).))).)))))).,GCAGAGGGAGGCCA,(((((((.......,CGUCUCCOOOOOOO,1
107,hsa-mir-6878,AUGAGAGGGAGAAAGCUAGAAGCUGAAGAUUCUGAAAAUCACUAACUGGCCUCUUCUUUCUCCUAG,......(((((((((..(((.(((..((.(..(((...)))..).))))).))).)))))))))..,GCUGAAGAUUCUGA,(((..((.(..(((,CGGOOUCOAOOACU,1
108,hsa-mir-488,GAGAAUCAUCUCUCCCAGAUAAUGGCACUCUCAAACAAGUUUCCAAAUUGUUUGAAAGGCUAUUUCUUGGUCAGAUGACUCUC,((((.((((((..((.(((.((((((.((.((((((((.........)))))))).))))))))))).))..)))))).)))),CUCUCAAACAAGUU,((.((((((((...,GAOAGUUUGUUOOO,1
109,hsa-mir-208a,UGACGGGCGAGCUUUUGGCCCGGGUUAUACCUGAUGCUCACGUAUAAGACGAGCAAAAAGCUUGUUGGUCA,((((.(((((((((((.((.((..((((((.(((...))).))))))..)).)).))))))))))).)))),GUUAUACCUGAUGC,.((((((.(((...,OAAUAUGOACUOOO,1
110,hsa-mir-6730,CCGAAAGAAAGGUGGAGGGGUUGUCAGAGCUGCAGCUGCUCCACCCUGACACCCCAUCUGCCCUCAG,..........(((((((((((.((((((((.......)))).....))))))))).)))))).....,UGUCAGAGCUGCAG,.((((((((.....,OCAGUCUCGOOOOO,1
111,hsa-mir-6788,GACGGCUGGGAGAAGAGUGGUGAAGAAGAGUAUUGAUUGUGCUGUUCGCCACUUCCCUCCCUGCAG,....((.(((((..(((((((((...(.(((((.....))))).))))))))))..))))).))..,GUGAAGAAGAGUAU,((((...(.(((((,CGCUOOOUOUCGUG,1
112,hsa-mir-654,GGGUAAGUGGAAAGAUGGUGGGCCGCAGAACAUGUGCUGAGUUCGUGCCAUAUGUCUGCUGACCAUCACCUUUAGAAGCCC,((((......((((.((((((.(.(((((.(((((((.........).))))))))))).).)))))).))))....)))),CAUGUGCUGAGUUC,(((((((.......,GUAUACGOOOOOOO,1
113,hsa-mir-6864,GAAAGUUGAAGGGACAAGUCAGAUAUGCCAUUAUGUGGGUCAUGAGGUGGUGAGACUUCUCUCCCUUCAG,......((((((((.(((((..((..(((.(((((.....)))))))).))..)))))...)))))))).,AUAUGCCAUUAUGU,((..(((.(((((.,UGOOUGGOAGUACO,1
114,hsa-mir-508,CCACCUUCAGCUGAGUGUAGUGCCCUACUCCAGAGGGCGUCACUCAUGUAAACUAAAACAUGAUUGUAGCCUUUUGGAGUAGAGUAAUACACAUCACGUAACGCAUAUUUGGUGG,(((((....((((((((((.(((.((((((((((((((..((.((((((........)))))).))..)))))))))))))).))).))))).)))......))......))))),ACUCAUGUAAACUA,(.((((((......,UOAGUACAOOOOOO,1
115,hsa-mir-4652,UAUUGGACGAGGGGACUGGUUAAUAGAACUAACUAACCAGAACUAUUUUGUUCUGUUAACCCAUCCCCUCAUCUAAUA,(((((((.(((((((..((((((((((((....................))))))))))))..))))))).))))))),AGAACUAACUAACC,(((((.........,UCUUGOOOOOOOOO,1
116,hsa-mir-3124,GCGGGCUUCGCGGGCGAAGGCAAAGUCGAUUUCCAAAAGUGACUUUCCUCACUCCCGUGAAGUCGGC,((.(((((((((((.(.(((.((((((.((((....)))))))))))))..).))))))))))).)),CAAAGUCGAUUUCC,.((((((.((((..,OUUUCAGOUGAAOO,1
117,hsa-mir-433,CCGGGGAGAAGUACGGUGAGCCUGUCAUUAUUCAGAGAGGCUAGAUCCUCUGUGUUGAGAAGGAUCAUGAUGGGCUCCUCGGUGUUCUCCAGG,((..((((((...(((.(((((((((((.(((((.(((((......))))).))........))).))))))))))).)))...)))))).)),AUUAUUCAGAGAGG,((.(((((.(((((,UAOUAGGUOUCUCC,1
118,hsa-mir-2681,GCCCCCUUUUCACGCAUUUGUGUUUUACCACCUCCAGGAGACUGCCCAAAGACUCUUCAGUAUCAUGGAGUUGGUAAAGCACAGAUGCAUGAAUAAUUCAACGUG,........((((.(((((((((((((((((.(((((.((.((((.............)))).)).))))).))))))))))))))))).))))............,GGAGACUGCCCAAA,.((.((((......,OCUOUGACOOOOOO,1
119,hsa-mir-4787,CGGUCCAGACGUGGCGGGGGUGGCGGCGGCAUCCCGGACGGCCUGUGAGGGAUGCGCCGCCCACUGCCCCGCGCCGCCUGACCG,(((((.((..((((((((((((((((((.((((((..((.....))..)))))))))))))....))))).))))))))))))),GCAUCCCGGACGGC,.((((((..((...,OGUAGGGOOUGOOO,1
120,hsa-mir-548ap,ACCAAUUCCUAGGUUGGUGCAAAAGUAAUUGCGGUCUUUGUCAUUAAAACCAAUAACAAAAACCACAAUUACUUUUUACUGACCUAAAGAUUAAUU,...((((..((((((((((.(((((((((((.(((.(((((.(((......))).))))).))).)))))))))))))))))))))..))))....,GGUCUUUGUCAUUA,(((.(((((.(((.,CCAOAAACAOUAAO,1
121,hsa-mir-4760,GCCAUGGUGUUUAGAUUGAACAUGAAGUUAGAAUUCUUAAGUAUCAAAACUAAAUUCAUGUUCAAUCUAAACCCCAUGGC,(((((((.((((((((((((((((((.((((..................)))).)))))))))))))))))).))))))),AAGUUAGAAUUCUU,((.((((.......,UUOAAUCOOOOOOO,1
122,hsa-mir-4676,UGAAUGAAAGAGCCAGUGGUGAGACAGUGAGUUGAUUACUUCUCACUGUUUCACCACUGGCUCUUUGGUUCA,(((((.(((((((((((((((((((((((((..(....)..))))))))))))))))))))))))).))))),ACAGUGAGUUGAUU,((((((((..(...,UGUCACUCOOCOOO,1
123,hsa-mir-4802,CUGACUGGCUUGUAUGGAGGUUCUAGACCAUGUUAGUGUUCAAGUCUACAUGGAUGGAAACCUUCAAGCAGGCCAAGCAG,(((..((((((((.(((((((((((..((((((.((.........)))))))).))).)))))))).))))))))..))),CCAUGUUAGUGUUC,((((((.((.....,GGUACAOUCOOOOO,1
124,hsa-mir-6735,GCAGCCAGGGCAGAGGGCACAGGAAUCUGAGGUGACUGGCACAGAAGACUCAGGCCUGUGGCUCCUCCCUCAG,......((((.((.((.((((((..((((((....(((...)))....)))))))))))).)).))))))...,AAUCUGAGGUGACU,..((((((....((,OOGGACUCOOOOGA,1
125,hsa-mir-3140,CCUCUUGAGGUACCUGAAUUACCAAAAGCUUUAUGUAUUCUGAAGUUAUUGAAAAUAAGAGCUUUUGGGAAUUCAGGUAGUUCAGGAGUG,.((((((((.(((((((((..(((((((((((.(((.(((..........))).))))))))))))))..))))))))).))))))))..,AAGCUUUAUGUAUU,(((((((.(((.((,UUCGAGAOAUAOAA,1
126,hsa-mir-4632,GAGGGCAGCGUGGGUGUGGCGGAGGCAGGCGUGACCGUUUGCCGCCCUCUCGCUGCUCUAG,.(((((((((.(((.((((((((((((....)).)).)))))))).))).)))))))))..,UGGCGGAGGCAGGC,(((((((((((...,GCCGUUUCCGUOOO,1
127,hsa-mir-425,GAAAGCGCUUUGGAAUGACACGAUCACUCCCGUUGAGUGGGCACCCGAGAAGCCAUCGGGAAUGUCGUGUCCGCCCAGUGCUCUUUC,(((((.((.((((...(((((((.((.(((((....((((............))))))))).)))))))))...)))).)).))))),CCGUUGAGUGGGCA,(((....((((...,GGCOOOOUACCOOO,1
128,hsa-mir-485,ACUUGGAGAGAGGCUGGCCGUGAUGAAUUCGAUUCAUCAAAGCGAGUCAUACACGGCUCUCCUCUCUUUUAGU,(((.(((((((((..(((((((((((.((((...........)))))))).)))))))..))))))))).))),UGAAUUCGAUUCAU,(((.((((......,ACUOGAGCOOOOOO,1
129,hsa-mir-449c,GCUGGGAUGUGUCAGGUAGGCAGUGUAUUGCUAGCGGCUGUUAAUGAUUUUAACAGUUGCUAGUUGCACUCCUCUCUGUUGCAUUCAGAAGC,(((.((((((..((((.(((.((((((..(((((((((((((((.....)))))))))))))))))))))))).))))..))))))...))),CGGCUGUUAAUGAU,((((((((((....,GUUGACAAUUOOOO,1
130,hsa-mir-302d,CCUCUACUUUAACAUGGAGGCACUUGCUGUGACAUGACAAAAAUAAGUGCUUCCAUGUUUGAGUGUGG,((..(((((.((((((((((((((((.(((......)))....)))))))))))))))).))))).)),CACUUGCUGUGACA,((((((.(((....,GUGAAUOACAOOOO,1
131,hsa-mir-6857,GCUUGUUGGGGAUUGGGUCAGGCCAGUGUUCAAGGGCCCCUCCUCUAGUACUCCCUGUUUGUGUUCUGCCACUGACUGAGCUUCUCCCCACAG,...(((.(((((..((.((((..(((((....(((((........(((......))).....)))))..))))).)))).))..)))))))).,GGCCAGUGUUCAAG,(..(((((....((,COOGUCACOOOOUC,1
132,hsa-mir-6859-4,UGUGGGAGAGGAACAUGGGCUCAGGACAGCGGGUGUCAGCUUGCCUGACCCCCAUGUCGCCUCUGUAG,....(.(((((.(((((((.(((((..(((........)))..)))))..)))))))..))))).)..,CAGGACAGCGGGUG,((((..(((.....,GUCCOOUCGOOOOO,1
133,hsa-mir-3616,UGUCACUCCGCCAGCAUCAUGAAGUGCACUCAUGAUAUGUUUGCCCCAUCAGCGUGUCACGAGGGCAUUUCAUGAUGCAGGCGGGGUUGGCA,((((((((((((.((((((((((((((.(((.(((((((((.........))))))))).))).)))))))))))))).))))))).))))),GAUAUGUUUGCCCC,((((((((......,CUGUGCGAOOOOOO,1
134,hsa-mir-193a,CGAGGAUGGGAGCUGAGGGCUGGGUCUUUGCGGGCGAGAUGAGGGUGUCGGAUCAACUGGCCUACAAAGUCCCAGUUCUCGGCCCCCG,.......(((.(((((((((((((.(((((.((((.((.(((..........))).)).)))).))))).))))))))))))).))).,GAGAUGAGGGUGUC,.((.(((.......,OUCOACUOOOOOOO,1
135,hsa-mir-24-2,CUCUGCCUCCCGUGCCUACUGAGCUGAAACACAGUUGGUUUGUGUACACUGGCUCAGUUCAGCAGGAACAGGG,(((((..(((.((....(((((((((..((((((.....))))))....)))))))))...)).))).))))),AACACAGUUGGUUU,.((((((.....)),OUGUGUUOOOOOGA,1
136,hsa-mir-1247,CCGCUUGCCUCGCCCAGCGCAGCCCCGGCCGCUGGGCGCACCCGUCCCGUUCGUCCCCGGACGUUGCUCUCUACCCCGGGAACGUCGAGACUGGAGCGCCCGAACUGAGCCACCUUCGCGGACCCCGAGAGCGGCG,.((((.((((((.((.(((.((....(((((.(((((((.((.(((.((..(((.(((((..((........)).))))).))).)).))).)).)))))))...)).)))..)).)))))....)))).)))))),CCCCGGACGUUGCU,.(((((..((....,OGGGCCOOCAOOOO,1
137,hsa-mir-6813,GUAGGCAGGGGCUGGGGUUUCAGGUUCUCAGUCAGAACCUUGGCCCCUCUCCCCAG,.......((((..((((((..(((((((.....))))))).))))))...))))..,AGGUUCUCAGUCAG,(((((((.....)),UCCAAGAOOOOOUC,1
138,hsa-mir-7111,CUGGGGGAGGAAGGACAGGCCAUCUGCUAUUCGUCCACCAACCUGACUUGAUCCUCUCUUCCCUCCUCCCAG,((((((((((.((((.(((..(((.........................)))))).)))).))))).))))),AGGCCAUCUGCUAU,(((..(((......,UCCOOUAGOOOOOO,1
139,hsa-mir-491,UUGACUUAGCUGGGUAGUGGGGAACCCUUCCAUGAGGAGUAGAACACUCCUUAUGCAAGAUUCCCUUCUACCUGGCUGGGUUGG,..(((((((((((((((.((((((..(((.((((((((((.....)))))))))).))).)))))).)))))))))))))))..,CAUGAGGAGUAGAA,((((((((((....,GUAUUCCUCAOOOO,1
140,hsa-mir-3190,CUGGGGUCACCUGUCUGGCCAGCUACGUCCCCACGGCCCUUGUCAGUGUGGAAGGUAGACGGCCAGAGAGGUGACCCCGG,((((((((((((.(((((((..((((.(((.((((((....))).))).)))..))))..))))))).)))))))))))),GUCCCCACGGCCCU,.(((.((((((...,OAGGOGUGCUGOOO,1
141,hsa-mir-376b,CAGUCCUUCUUUGGUAUUUAAAACGUGGAUAUUCCUUCUAUGUUUACGUGAUUCCUGGUUAAUCAUAGAGGAAAAUCCAUGUUUUCAGUAUCAAAUGCUG,((((.....(((((((((.(((((((((((.(((((.(((((...((..........))....)))))))))).))))))))))).))))))))).)))),UAUGUUUACGUGAU,((((...((.....,AUACOOOUGOOOOO,1
142,hsa-mir-6895,CAGCUCAGGGCCAGGCACAGAGUAAGCAUCAAUAGCAUUGGCAAGUUGAACUGAGCUGUCUCUCGCCCUUGGCCUUAG,......((((((((((..((((..(((.(((.((((........))))...))))))..)))).)))..)))))))..,GAGUAAGCAUCAAU,(((..(((.(((.(,CUCOOUCGOAGUOG,1
143,hsa-mir-4695,CCUGCAGGAGGCAGUGGGCGAGCAGGCGGGGCAGCCCAAUGCCAUGGGCCUGAUCUCACCGCUGCCUCCUUCCC,.....(((((((((((((.((.(((((..((((......))))....))))).)).).))))))))))))....,GAGCAGGCGGGGCA,((.(((((..((((,CUOGUCCGOOCCGU,1
144,hsa-mir-7161,UAAAGACUGUAGAGGCAACUGGUGUUCUCACGCAAAGUGGCCAGGGUGUGGGAGACUAGAUCUUUGACUCUGGCAGUCUCCAGG,...(((((((((((.((((((((.(((((((((............))))))))))))))....))).)))).))))))).....,AACUGGUGUUCUCA,(((((((.((((((,UUGAUCAOGAGGGU,1
145,hsa-mir-519e,UCUCAUGCAGUCAUUCUCCAAAAGGGAGCACUUUCUGUUUGAAAGAAAACAAAGUGCCUCCUUUUAGAGUGUUACUGUUUGAGA,(((((.(((((.((.(((.(((((((.((((((..(((((......))))))))))).))))))).))).)).))))).))))),CACUUUCUGUUUGA,(((((..(((((..,GUGAAOOACAAAOO,1
146,hsa-mir-21,UGUCGGGUAGCUUAUCAGACUGAUGUUGACUGUUGAAUCUCAUGGCAACACCAGUCGAUGGGCUGUCUGACA,((((((((((((((((.(((((.(((((.((((.((...))))))))))).))))))))))))))))))))),AUGUUGACUGUUGA,.(((((.((((.((,OACAACOGGUAOCU,1
147,hsa-mir-3126,AUGAUUAUAUGAGGGACAGAUGCCAGAAGCACUGGUUAUGAUUUGCAUCUGGCAUCCGUCACACAGAUAAUUAU,((((((((.((...(((.(((((((((.(((............))).))))))))).)))...)).)))))))),AGAAGCACUGGUUA,(((.(((.......,UCUOCGUOOOOOOO,1
148,hsa-mir-570,CUAGAUAAGUUAUUAGGUGGGUGCAAAGGUAAUUGCAGUUUUUCCCAUUAUUUUAAUUGCGAAAACAGCAAUUACCUUUGCACCAACCUGAUGGAGU,.........(((((((((.(((((((((((((((((.((((((.(.((((...)))).).)))))).))))))))))))))))).)))))))))...,UUUUCCCAUUAUUU,((((.(.((((...,AAAGOGOUAAUOOO,1
149,hsa-mir-548av,AAAAGUACUUGCGGAUUUGCCAUCACCUUUACCUUUAAUGGCAAAACUGCAGUUACUUUUGC,(((((((.((((((.((((((((..............)))))))).)))))).)))))))..,CGGAUUUGCCAUCA,(((.((((((((..,GUCOAAACGGUAOO,1
150,hsa-mir-6875,GAGUCUGAGGGACCCAGGACAGGAGAAGGCCUAUGGUGAUUUGCAUUCUUCCUGCCCUGGCUCCAUCCUCAG,....((((((((.(((((.((((((((.((..((....))..)).))).))))).))))).))...)))))),CAGGAGAAGGCCUA,((((((((.((..(,GUCCUCUUOCGOOU,1
151,hsa-mir-4423,AUCAUGUACUGCAGUUGCCUUUUUGUUCCCAUGCUGUUUAAGCCUAGCAUAGGCACCAAAAAGCAACAACAGUAUGUGAA,.((((((((((..(((((.((((((...((((((((........)))))).))...)))))))))))..)))))))))).,CCCAUGCUGUUUAA,.((((((((.....,OGGUACGAUOOOOO,1
152,hsa-mir-6827,UCUGGUGGGAGCCAUGAGGGUCUGUGCUGUCUCUGAGCACCGUCUCUUCUGUUCCCCAG,.((((..(((((...(((((.(.(((((.......))))).).)))))..))))))))),UCUGUGCUGUCUCU,.(.(((((......,OGOCACGAOOOOOO,1
153,hsa-mir-4723,AGUUGGUGGGGGAGCCAUGAGAUAAGAGCACCUCCUAGAGAAUGUUGAACUAAAGGUGCCCUCUCUGGCUCCUCCCCAAAG,..((((.((((((((((.((((...(.((((((..(((...........))).))))))).))))))))))))))))))..,AAGAGCACCUCCUA,..(.((((((..((,OOCOCGUGGAOOAU,1
154,hsa-mir-192,GCCGAGACCGAGUGCACAGGGCUCUGACCUAUGAAUUGACAGCCAGUGCUCUCGUCUCCCCUCUGGCUGCCAAUUCCAUAGGUCACAGGUAUGUUCGCCUCAAUGCCAGC,.........(((.(((((.(.((.((((((((((((((.(((((((................))))))).))))).))))))))).)).).)))..))))).........,GACAGCCAGUGCUC,(.(((((((.....,COGUCGGUCOOOOO,1
155,hsa-mir-7-2,CUGGAUACAGAGUGGACCGGCUGGCCCCAUCUGGAAGACUAGUGAUUUUGUUGUUGUCUUACUGCGCUCAACAACAAAUCCCAGUCUACCUAAUGGUGCCAGCCAUCGCA,(((....))).((((...(((((((.((((..((.(((((.(.(((((.(((((((............))))))))))))).))))).))..)))).))))))).)))).,UGUUGUUGUCUUAC,.(((((((......,OCAACAACOOOOOO,1
156,hsa-mir-320a,CUCCCCUCCGCCUUCUCUUCCCGGUUCUUCCCGGAGUCGGGAAAAGCUGGGUUGAGAGGGCGAAAAAGGAUG,.(((....(((((((((..(((((((.((((((....)))))).)))))))..))))))))).....)))..,UUCUUCCCGGAGUC,((.((((((....),GAOAAGGGCOOOOG,1
157,hsa-mir-200c,CCCUCGUCUUACCCAGCAGUGUUUGGGUGCGGUUGGGAGUCUCUAAUACUGCCGGGUAAUGAUGGAGG,.(((((((((((((.((((((((.(((.((........))))).)))))))).)))))).))).)))),UGUUUGGGUGCGGU,((((.(((.((...,AUAAOCUCOUGOOO,1
158,hsa-mir-6848,GUCCCUGGGGGCUGGGAUGGGCCAUGGUGUGCUCUGAUCCCCCUGUGGUCUCUUGGCCCCCAGGAACUCC,((.((((((((((((((..((((((((...............)))))))))))))))))))))).))...,CCAUGGUGUGCUCU,((((((........,GGUGUCOOOOOOOO,1
159,hsa-mir-193b,GUGGUCUCAGAAUCGGGGUUUUGAGGGCGAGAUGAGUUUAUGUUUUAUCCAACUGGCCCUCAAAGUCCCGCUUUUGGGGUCAU,((((((((((((.(((((((((((((((.((.((.((.........)).)).)).))))))))))))))).)))))))))))),GAGAUGAGUUUAUG,.((.((.((.....,OUCOACOUAOOOOO,1
160,hsa-mir-3675,GGAUGAUAAGUUAUGGGGCUUCUGUAGAGAUUUCUAUGAGAACAUCUCUAAGGAACUCCCCCAAACUGAAUUC,((((....((((.(((((.((((.(((((((((((...)))).))))))).))))...)))))))))..)))),AGAUUUCUAUGAGA,((((((((...))),UCUAAAGAOOOUCU,1
161,hsa-mir-6862-2,CGAAGCGGGCAUGCUGGGAGAGACUUUGUGAUUUGUCUCCAAAGCCUCACCCAGCUCUCUGGCCCUCUAG,...((.((((..((((((.(((.(((((.((......))))))).))).))))))......)))).))..,AGACUUUGUGAUUU,((.(((((.((...,UCOGAAACOCUOOO,1
162,hsa-mir-138-2,CGUUGCUGCAGCUGGUGUUGUGAAUCAGGCCGACGAGCAGCGCAUCCUCUUACCCGGCUAUUUCACGACACCAGGGUUGCAUCA,.(.(((.((..(((((((((((((...(((((..(((.((......)))))...)))))..))))))))))))).)).))).).,CAGGCCGACGAGCA,..(((((..(((.(,OOUCGGCOOUUCOU,1
163,hsa-mir-4714,AUUUUGGCCAACUCUGACCCCUUAGGUUGAUGUCAGAAUGAGGUGUACCAACCUAGGUGGUCAGAGUUGGCCAAAAU,(((((((((((((((((((.(((((((((((.(((...))).))....))))))))).))))))))))))))))))),GGUUGAUGUCAGAA,(((((((.(((...,CCAACUGOAGUOOO,1
164,hsa-mir-132,CCGCCCCCGCGUCUCCAGGGCAACCGUGGCUUUCGAUUGUUACUGUGGGAACUGGAGGUAACAGUCUACAGCCAUGGUCGCCCCGCAGCACGCCCACGCGC,.(((....((((((.(.((((.(((((((((...((((((((((..(....)....))))))))))...))))))))).)))).).)).))))....))).,UGUUACUGUGGGAA,(((((((..(....,ACAAUGGOOCOOOO,1
165,hsa-mir-6884,CCCGCAGAGGCUGAGAAGGUGAUGUUGGCUCAAGAAAGGGAGAUAGAUGGUAGCCCAUCACCUUUCCGUCUCCCCUAG,......(((((.((((.(((((((..(((((..................).))))))))))))))).)))))......,GAUGUUGGCUCAAG,((((..(((((...,CUACOOCCGAGOOO,1
166,hsa-mir-1273h,UACUUGGGUGACUAAGGCAGGAUUGCUUGAGCCUGGGAGGUCAAGGCUGCAGUGUCGUGGUCACAGCUUGCUGCAGACUCGACCUCCCAGGCUUAAGCAAUCCUCCUGCUCGAGUG,(((((((((.....(((.((((((((((((((((((((((((.((.((((((((...((....))...)))))))).)).)))))))))))))))))))))))))))))))))))),CUGCAGUGUCGUGG,((((((((...((.,GACGUCGUOOOACO,1
167,hsa-mir-199a-1,GCCAACCCAGUGUUCAGACUACCUGUUCAGGAGGCUCUCAAUGUGUACAGUAGUCUGCACAUUGGUUAGGC,(((...(((((((.((((((((.(((.((.(((...)))..))...))))))))))).)))))))...))),CCUGUUCAGGAGGC,(.(((.((.(((..,GOACAOGUOCUCOO,1
168,hsa-mir-6887,GAGAAUGGGGGGACAGAUGGAGAGGACACAGGCUGGCACUGAGGUCCCCUCCACUUUCCUCCUAG,.....((((((((.((.(((((.((((.(((.......)))..)))).))))))).)))))))).,GAGGACACAGGCUG,(.((((.(((....,COCCUGOGUCOOOO,1
169,hsa-mir-378a,AGGGCUCCUGACUCCAGGUCCUGUGUGUUACCUAGAAAUAGCACUGGACUUGGAGUCAGAAGGCCU,(((.((.((((((((((((((.((((..(........)..)))).)))))))))))))).)).))),CCUGUGUGUUACCU,((.((((..(....,GGOCACGOOAOOOO,1
170,hsa-mir-1909,CAUCCAGGACAAUGGUGAGUGCCGGUGCCUGCCCUGGGGCCGUCCCUGCGCAGGGGCCGGGUGCUCACCGCAUCUGCCCC,....((((....((((((((((((((.(((((.(.(((.....))).).))))).))).)))))))))))..))))....,UGCCCUGGGGCCGU,(((.(.(((.....,ACGOGOCCCOOOOO,1
171,hsa-mir-7108,GUGUGGCCGGCAGGCGGGUGGGCGGGGGCGGCCGGUGGGAACCCCGCCCCGCCCCGCGCCCGCACUCACCCGCCCGUCUCCCCACAG,(((.((..(((.((((((((((((((.((((..((((((........)))))))))).))))).).)))))))).)))..)))))..,CGGGUGGGCGGGGG,((((((((((((.(,GCCCACCCGCCCOC,1
172,hsa-mir-329-2,GUGGUACCUGAAGAGAGGUUUUCUGGGUUUCUGUUUCUUUAUUGAGGACGAAACACACCUGGUUAACCUCUUUUCCAGUAUCAA,.((((((..(((((((((((..((((((...((((((.((......)).)))))).))))))..)))))))))))..)))))).,CUGUUUCUUUAUUG,.((((((.((....,OACAAAGOAGOOOO,1
173,hsa-mir-4707,GGUUCCGGAGCCCCGGCGCGGGCGGGUUCUGGGGUGUAGACGCUGCUGGCCAGCCCGCCCCAGCCGAGGUUCUCGGCACC,(((.((((((((.((((..(((((((..((((...((((...))))...)))))))))))..)))).))))).))).))),GUUCUGGGGUGUAG,(..((((...((((,COOGACCOOOCGUC,1
174,hsa-mir-4520-2,CCUGCGUGUUUUCUGUCCAAAUCCUUUUCUGAUUUGGACAGAAAACACGCAGGU,(((((((((((((((((((((((.......))))))))))))))))))))))).,UGUCCAAAUCCUUU,((((((((((....,ACAGGUUUAGOOOO,1
175,hsa-mir-4782,AUUGCCCAGUUCUGGAUAUGAAGACAAUCAAGAAAAGAUUUGGUGUUCUUGAUUGUCUUCAUAUCUAGAACUGGGCAGU,((((((((((((((((((((((((((((((((((...........)))))))))))))))))))))))))))))))))),CAAUCAAGAAAAGA,((((((((((....,GUUAGUUCUUOOOO,1
176,hsa-mir-196a-2,UGCUCGCUCAGCUGAUCUGUGGCUUAGGUAGUUUCAUGUUGUUGGGAUUGAGUUUUGAACUCGGCAACAAGAAACUGCCUGAGUUACAUCAGUCGGUUUUCGUCGAGGGC,..(((((..(((((((.((((((((((((((((((.((((((((((.((........)))))))))))).))))))))))))))))))...)))))))...).))))...,UGUUGGGAUUGAGU,(((((((.((....,ACGGCUCOAAOOOO,1
177,hsa-mir-302c,CCUUUGCUUUAACAUGGGGGUACCUGCUGUGUGAAACAAAAGUAAGUGCUUCCAUGUUUCAGUGGAGG,((((((((..(((((((((((((.((((.(((...)))..)))).)))))))))))))..)))))))),CCUGCUGUGUGAAA,(.((((.(((...),GOAUGAOACAOOOU,1
178,hsa-mir-548d-1,AAACAAGUUAUAUUAGGUUGGUGCAAAAGUAAUUGUGGUUUUUGCCUGUAAAAGUAAUGGCAAAAACCACAGUUUCUUUUGCACCAGACUAAUAAAG,..........((((((..(((((((((((.((((((((((((((((............)))))))))))))))).)))))))))))..))))))...,UUUUGCCUGUAAAA,(((((((.......,AAAACGGOOOOOOO,1
179,hsa-mir-221,UGAACAUCCAGGUCUGGGGCAUGAACCUGGCAUACAAUGUAGAUUUCUGUGUUCGUUAGGCAACAGCUACAUUGUCUGCUGGGUUUCAGGCUACCUGGAAACAUGUUCUC,.((((((((((((....(((.(((((((((((.(((((((((....(((((((.....))).))))))))))))).))))))).)))).))))))))))....)))))..,UAGAUUUCUGUGUU,(((....(((((((,AUCOOOOGACACGG,1
180,hsa-mir-7107,UGCCGUCGGCCUGGGGAGGAGGAAGGGCAAGUCCAAAGGUAUACAGUUGGUCUGUUCAUUCUCUCUUUUUGGCCUACAAG,....((.((((.(((((((((((.(((((.(.((((..(....)..)))).)))))).))))).)))))))))).))...,GGAAGGGCAAGUCC,(((.(((((.(.((,CUUOCUUGUOCOGG,1
181,hsa-mir-337,GUAGUCAGUAGUUGGGGGGUGGGAACGGCUUCAUACAGGAGUUGAUGCACAGUUAUCCAGCUCCUAUAUGAUGCCUUUCUUCAUCCCCUUCAA,.............((((((((((((.(((.(((((.(((((((((((......))).)))))))).))))).))).))).)))))))))....,AGGAGUUGAUGCAC,(((((((((((...,UCCUCGACUAUOOO,1
182,hsa-mir-1915,UGAGAGGCCGCACCUUGCCUUGCUGCCCGGGCCGUGCACCCGUGGGCCCCAGGGCGACGCGGCGGGGGCGGCCCUAGCGA,..((.((((((.(((((((.((.((((((((((..((....)).)))))..))))).)).))))))))))))))).....,CCGGGCCGUGCACC,(((((((..((...,GGCCCGGOOUGOOO,1
183,hsa-mir-549a,AGACAUGCAACUCAAGAAUAUAUUGAGAGCUCAUCCAUAGUUGUCACUGUCUCAAAUCAGUGACAACUAUGGAUGAGCUCUUAAUAUAUCCCAGGC,.................((((((((((((((((((((((((((((((((........)))))))))))))))))))))))))))))))).......,GUCACUGUCUCAAA,(((((((.......,CAGUGACOOOOOOO,1
184,hsa-mir-495,UGGUACCUGAAAAGAAGUUGCCCAUGUUAUUUUCGCUUUAUAUGUGACGAAACAAACAUGGUGCACUUCUUUUUCGGUAUCA,(((((((.((((((((((.(((((((((..((((((.........).)))))..))))))).)))))))))))).))))))),AUUUUCGCUUUAUA,..((((((......,OOAAAGCGOOOOOO,1
185,hsa-mir-6722,GGCCUCAGGCAGGCGCACCCGACCACAUGCAUGGCUGGUGGCGGCGUGCAGGGGUCGGGUGGGCCAGGCUGUGGGGCG,.(((((((((.(((.(((((((((.(.((((((.(((....))))))))).)))))))))).)))..))).)))))).,CACAUGCAUGGCUG,(.(.((((((.(((,GOGOACGUGCOGGC,1
186,hsa-mir-3065,CUGCCCUCUUCAACAAAAUCACUGAUGCUGGAGUCGCCUGAGUCAUCACUCAGCACCAGGAUAUUGUUGGAGAGGACAG,(((.((((((((((((.(((.(((.(((((((.((....)).))......))))).)))))).)))))))))))).))),UGCUGGAGUCGCCU,(((((((.((....,ACGACCUOAGOOOO,1
187,hsa-mir-4758,GGUGAGUGGGAGCCGGUGGGGCUGGAGUAAGGGCACGCCCGGGGCUGCCCCACCUGCUGACCACCCUCCCC,((.(.((((.(((.((((((((...(((..(((....)))...))))))))))).)))..)))).).))..,GGGGCUGGAGUAAG,(((((...(((..(,CCCCGOOOUCGOOC,1
188,hsa-mir-6747,UUUGGAGGGGUGUGGAAAGAGGCAGAACAUUCGUUCACUUUCCUGCCUUCCUCUGCACCAG,........((((((((..(((((((.................)))))))..))))))))..,CAGAACAUUCGUUC,(((...........,GUCOOOOOOOOOOO,1
189,hsa-mir-6505,GCAUUGGAAUAGGGGAUAUCUCAGCAUGUUGAGCCCUGUCUCUGGGGAGCUGACUUCUACCUCUUCCAAAG,...((((((.((((((....(((((........((((......)))).)))))..))).))).))))))..,UCUCAGCAUGUUGA,..(((((.......,OOAGUCGOOOOOOO,1
190,hsa-mir-590,UAGCCAGUCAGAAAUGAGCUUAUUCAUAAAAGUGCAGUAUGGUGAAGUCAAUCUGUAAUUUUAUGUAUAAGCUAGUCUCUGAUUGAAACAUGCAGCA,....((((((((.((.(((((((.(((((((.(((((..(((.....)))..))))).))))))).))))))).)).))))))))............,AGUGCAGUAUGGUG,(.(((((..(((..,UOAUGUCOOACUOO,1
191,hsa-mir-126,CGCUGGCGACGGGACAUUAUUACUUUUGGUACGCGCUGUGACACUUCAAACUCGUACCGUGAGUAAUAAUGCGCCGUCCACGGCA,.((((..(((((..(((((((((((.(((((((.....(((....)))....))))))).)))))))))))..)))))..)))).,GUACGCGCUGUGAC,(((((.....(((.,CAUGCOOOOOACUO,1
192,hsa-mir-6736,CUGAGCUGGGUGAGGGCAUCUGUGGUUUGCUGGCUGCCUCAGCUCCUCUCUACCCACAG,(((...((((((((((...(((.(((.........))).)))...))))).)))))))),CUGUGGUUUGCUGG,(((.(((.......,GACOCCGOOOOOOO,1
193,hsa-mir-4664,GUUGGGGGCUGGGGUGCCCACUCCGCAAGUUAUCACUGAGCGACUUCCGGUCUGUGAGCCCCGUCCUCCGC,..((((((.((((((.(.((..(((.(((((.((...))..))))).)))..)).).)))))).)))))).,GCAAGUUAUCACUG,(.(((((.((...),COUUCAGOAGOOOC,1
194,hsa-mir-4727,AAUCUGCCAGCUUCCACAGUGGCAGAUUUUCCCAUAGUGGGAAGCUGGCAGAUUC,(((((((((((((((((.((((.........)))).)).))))))))))))))).,ACAGUGGCAGAUUU,((.((((.......,UGOUACCOOOOOOO,1
195,hsa-mir-3158-2,AUUCAGGCCGGUCCUGCAGAGAGGAAGCCCUUCCAAUACCUGUAAGCAGAAGGGCUUCCUCUCUGCAGGACCGGCCUGAAU,(((((((((((((((((((((((((((((((((...............))))))))))))))))))))))))))))))))),GCCCUUCCAAUACC,(((((((.......,CGGGAAGOOOOOOO,1
196,hsa-mir-2276,GUGUUCUUCCAGUCCGCCCUCUGUCACCUUGCAGACGGCUUUCUCUCCGAAUGUCUGCAAGUGUCAGAGGCGAGGAGUGGCAGCUGCAU,((((.((.(((.(((.(((((((.(((.(((((((((...(((.....))))))))))))))).)))))).).))).))).))..)))),GCAGACGGCUUUCU,(((((((...(((.,CGUCUGUOOOAAGO,1
197,hsa-mir-6815,CACUGUAGGUGGCGCCGGAGGAGUCAUUUCCCAUCACUAAUGGCUUCUCUUGCACACCCAG,..(((..((((..((.((((((((((((..........)))))))))))).)).))))))),AGUCAUUUCCCAUC,(((((((.......,UCGGUAAOOOOOOO,1
198,hsa-mir-652,ACGAAUGGCUAUGCACUGCACAACCCUAGGAGAGGGUGCCAUUCACAUAGACUAUAAUUGAAUGGCGCCACUAGGGUUGUGCAGUGCACAACCUACAC,......((...((((((((((((((((((.....(((((((((((..((.....))..))))))))))).))))))))))))))))))...)).....,CCAUUCACAUAGAC,(((((((..((...,GGUAAGUOOAUOOO,1
199,hsa-mir-4796,UAAAUUUGUGUCUAUACUCUGUCACUUUACUUUUGGCCUCAAGUCAUUGCAGUAAAGUGGCAGAGUAUAGACACAAAUUUA,(((((((((((((((((((((((((((((((..((((.....))))....))))))))))))))))))))))))))))))),ACUUUACUUUUGGC,((((((((..((((,UGAAAUGAOOACUG,1
200,hsa-mir-4738,GGUCGCAUUUCUCCUUCUUACCAGCGCGUUUUCAGUUUCAUAGGGAAGCCUUUCCAUGAAACUGGAGCGCCUGGAGGAGAAGGGGCC,((((.(..(((((((.....((((.((((((.(((((((((.(((((...)))))))))))))))))))))))))))))))).)))),GUUUCAUAGGGAAG,(((((((.(((((.,CAAAGUAOCCUUUO,1
201,hsa-mir-509-1,CAUGCUGUGUGUGGUACCCUACUGCAGACAGUGGCAAUCAUGUAUAAUUAAAAAUGAUUGGUACGUCUGUGGGUAGAGUACUGCAUGACACAUG,((((.((((((((((((.(((((((((((.(((.(((((((............))))))).))))))))).))))).))))))))).))))))),GCAAUCAUGUAUAA,.(((((((......,OGUUAGUAOOOOOO,1
202,hsa-mir-5581,AGCCUUCCAGGAGAAAUGGAGACCCUAUACAUACCUGUUUCCAUGCCUCCUAGAAGUUCC,...((((.(((((..((((((((.............))))))))..))))).))))....,AUGGAGACCCUAUA,((((((((......,UACCUUUGOOOOOO,1
203,hsa-mir-5584,CAGGGAAAUGGGAAGAACUAGAUUUGAAUCCAGACCUUUAGUUCUUCCCUUUGCCCAAUU,..(((....(((((((((((((((((....))))..)))))))))))))....)))....,AACUAGAUUUGAAU,(((((((((((...,UUGAUUUAGACOOO,1
204,hsa-mir-4715,GGGGAAUGAAAGUUGGCUGCAGUUAAGGUGGCUAAUCAGCUGAUGGUGCCACCUUAACUGCAGCCAAUUCUAAUUCCCC,(((((((...((((((((((((((((((((((..(((....)))...))))))))))))))))))))))...))))))),AAGGUGGCUAAUCA,((((((((..(((.,UUCCACCGOOUAGO,1
205,hsa-mir-5089,AAGGACUUCAGUGGGAUUUCUGAGUAGCAUCCUUGGAAUCUGCACUCAAGGGAUGCUACUCGGAAAUCCCACUGAAGUCCUUUU,((((((((((((((((((((((((((((((((((.((........)).))))))))))))))))))))))))))))))))))..,UAGCAUCCUUGGAA,((((((((((.((.,AUCGUAGGGAOCUO,1
206,hsa-mir-30d,GUUGUUGUAAACAUCCCCGACUGGAAGCUGUAAGACACAGCUAAGCUUUCAGUCAGAUGUUUGCUGCUAC,...((.(((((((((...(((((((((((..............))))))))))).))))))))).))...,CUGGAAGCUGUAAG,(((((((((.....,GACUUUCGAOOOOO,1
207,hsa-mir-7114,UCCGCUCUGUGGAGUGGGGUGCCUGUCCCCUGCCACUGGGUGACCCACCCCUCUCCACCAG,........((((((.((((((...((((((.......))).))).)))))).))))))...,UGCCUGUCCCCUGC,((...((((((...,ACOOOCAGGGGOOO,1
208,hsa-mir-4763,CCUGUCCCUCCUGCCCUGCGCCUGCCCAGCCCUCCUGCUCUGGUGACUGAGGACCGCCAGGCAGGGGCUGGUGCUGGGCGGGGGGCGGCGGG,((((((((((((((((.(((((.((((.......((((.((((((.........)))))))))))))).))))).)))))))))).)))))),UCCUGCUCUGGUGA,..((((.((((((.,OOGACGOGACCGCO,1
209,hsa-mir-5197,UAUGGGAUUCCACAGACAAUGAGUAUCAAUGGCACAAACUCAUUCUUGAAUUUUUGCCAGUUCAAGAAGAGACUGAGUCAUCGAAUGCUCUAAAUGUCACUUCACCUCAUGU,((((((........((((..(((((((.(((((.((..(((.((((((((((......)))))))))))))..)).))))).).))))))....)))).......)))))).,UUCUUGAAUUUUUG,((((((((((....,AAGAACUUGAOOOO,1
210,hsa-mir-512-1,UCUCAGUCUGUGGCACUCAGCCUUGAGGGCACUUUCUGGUGCCAGAAUGAAAGUGCUGUCAUAGCUGAGGUCCAAUGACUGAGG,.(((((((..(((..((((((..(((.(((((((((............))))))))).)))..))))))..)))..))))))).,CACUUUCUGGUGCC,(((((((.......,GUGAAAGOOOOOOO,1
211,hsa-mir-877,GUAGAGGAGAUGGCGCAGGGGACACGGGCAAAGACUUGGGGGUUCCUGGGACCCUCAGACGUGUGUCCUCUUCUCCCUCCUCCCAG,...((((((..((.(.((((((((((.(.......((((((((((...)))))))))).).)))))))))).).))))))))....,CGCAGGGGACACGG,.(.((((((((((.,OCOUCUCCUGUGUO,1
212,hsa-mir-548at,AAAAGUUAUUGCGGUUUUGGCUGCCAAAAGAAAUGGCCAAAACCGCAGUAACUUUUGU,((((((((((((((((((((((............))))))))))))))))))))))..,UUUGGCUGCCAAAA,(((((((.......,AAACCGGOOOOOOO,1
213,hsa-mir-6838,CAGGGAAGCAGCAGUGGCAAGACUCCUAGGUCACGGAAGUCCUGCUUCUGUUGCAG,.......(((((((.((((.((((((........)).)))).)))).)))))))..,GACUCCUAGGUCAC,((((((........,CUGAGGOOOOOOOO,1
214,hsa-mir-376c,AAAAGGUGGAUAUUCCUUCUAUGUUUAUGUUAUUUAUGGUUAAACAUAGAGGAAAUUCCACGUUUU,((((.(((((..(((((.(((((((((.............))))))))))))))..))))).)))),CUAUGUUUAUGUUA,(((((((((.....,GAUACAAAUOOOOO,1
215,hsa-mir-410,GGUACCUGAGAAGAGGUUGUCUGUGAUGAGUUCGCUUUUAUUAAUGACGAAUAUAACACAGAUGGCCUGUUUUCAGUACC,(((((.((((((.((((((((((((.((.((((((..........).))))).)).)))))))))))).))))))))))),GAGUUCGCUUUUAU,(.((((((......,UOUAAGCGOOOOOO,1
216,hsa-mir-34c,AGUCUAGUUACUAGGCAGUGUAGUUAGCUGAUUGCUAAUAGUACCAAUCACUAACCACACGGCCAGGUAAAAAGAUU,.((((..(((((.(((.((((.(((((.((((((.((....)).))))))))))).)))).))).)))))..)))).,UGAUUGCUAAUAGU,((((((.((....),ACUAACOAUOOOOA,1
217,hsa-mir-1287,GUUGUGCUGUCCAGGUGCUGGAUCAGUGGUUCGAGUCUGAGCCUUUAAAAGCCACUCUAGCCACAGAUGCAGUGAUUGGAGCCAUGACAA,((((((...(((((.(((((.(((.((((((.((((..(.((........))))))).)))))).))).))))).)))))..))))))..,UCGAGUCUGAGCCU,(.((((..(.((..,AOCUCAOOCOCGOO,1
218,hsa-mir-518a-1,UCUCAAGCUGUGACUGCAAAGGGAAGCCCUUUCUGUUGUCUGAAAGAAGAGAAAGCGCUUCCCUUUGCUGGAUUACGGUUUGAGA,(((((((((((((((((((((((((((.((((((.((.(.....).)).)))))).)))))))))))).)).))))))))))))),CCCUUUCUGUUGUC,(.((((((.((.(.,GOGAAAGAOAAOAO,1
219,hsa-mir-4655,CCAAGGGCACACCGGGGAUGGCAGAGGGUCGUGGGAAAGUGUUGACCCUCGUCAGGUCCCCGGGGAGCCCCUGG,(((.((((...(((((((((((.((((((((...........))))))))))))..)))))))...)))).))),AGGGUCGUGGGAAA,(((((((.......,UCCCAGUOOOOOOO,1
220,hsa-mir-6514,UAUGGAGUGGACUUUCAGCUGGCAUUUACGAGUCAGAGUUCUUACAGAGCUGCCUGUUCUUCCACUCCAG,..(((((((((....((((((((........)))))((((((...))))))..)))....))))))))).,AGCUGGCAUUUACG,(((((((.......,UCGACUGOOOOOOO,1
221,hsa-mir-219a-2,ACUCAGGGGCUUCGCCACUGAUUGUCCAAACGCAAUUCUUGUACGAGUCUGCGGCCAACCGAGAAUUGUGGCUGGACAUCUGUGGCUGAGCUCCGGG,.(((.(((((((.(((((.(((.(((((..(((((((((((...(.(((...))))...)))))))))))..)))))))).))))).)))))))))),CAAUUCUUGUACGA,(((((((((...(.,GUUAAGAGCOOOCO,1
222,hsa-mir-4536-1,AUGUGGUAGAUAUAUGCACGAUAUAUAUACUGCCCUGCUUUUAUACAUACAUACAUACAUACCUAUAUCGUGCAUAUAUCUACCACAU,(((((((((((((((((((((((((......................................))))))))))))))))))))))))),GCACGAUAUAUAUA,((((((((((....,CGUGCUAUAUOOOO,1
223,hsa-mir-4690,GAGCAGGCGAGGCUGGGCUGAACCCGUGGGUGAGGAGUGCAGCCCAGCUGAGGCCUCUGC,.((.((((..((((((((((.((((........)).)).))))))))))...))))))..,GGCUGAACCCGUGG,(((((.((((....,CCGACOUGGGOOOO,1
224,hsa-mir-92b,CGGGCCCCGGGCGGGCGGGAGGGACGGGACGCGGUGCAGUGUUGUUUUUUCCCCCGCCAAUAUUGCACUCGUCCCGGCCUCCGGCCCCCCCGGCCC,.(((((..(((.((((.(((((..(((((((.((((((((((((.............))))))))))))))))))).))))).))))))).))))),UGCAGUGUUGUUUU,((((((((((....,ACGUUAUAACOOOO,1
225,hsa-mir-5001,AGCUCAGGGCGGCUGCGCAGAGGGCUGGACUCAGCGGCGGAGCUGGCUGCUGGCCUCAGUUCUGCCUCUGUCCAGGUCCUUGUGACCCGCCCGCUCUCCU,(((...((((((.(.((((.((((((((((..((.(((((((((((((...))))..))))))))).))))))).)))))))))).))))))))).....,CGGAGCUGGCUGCU,(((((((((((...,GUCUUGACCGGOOO,1
226,hsa-mir-4653,UUGUCCAAUUCUCUGAGCAAGGCUUAACACCAAAGGGUUAAGGGUUUGCUCUGGAGUUAAGGGUUGCUUGGAGAAUUGGAGAA,.(.(((((((((((((((((..((((((.(((..((((.........))))))).))))))..))))))))))))))))).).,UAACACCAAAGGGU,((((.(((..((((,AUUGOGGUOOCUCG,1
227,hsa-mir-4445,UUCCUGCAGAUUGUUUCUUUUGCCGUGCAAGUUUAAGUUUUUGCACGGCAAAAGAAACAAUCCAGAGGGU,.((((...(((((((((((((((((((((((........)))))))))))))))))))))))...)))).,CCGUGCAAGUUUAA,(((((((((.....,GGCACGUUUOOOOO,1
228,hsa-mir-215,AUCAUUCAGAAAUGGUAUACAGGAAAAUGACCUAUGAAUUGACAGACAAUAUAGCUGAGUUUGUCUGUCAUUUCUUUAGGCCAAUAUUCUGUAUGACUGUGCUACUUCAA,...........(((((((((((((...((.((((.(((.((((((((((...........)))))))))).)))..)))).))...)))))))).)))))..........,GACAGACAAUAUAG,(((((((((.....,CUGUCUGUUOOOOO,1
229,hsa-mir-4766,CUGAAGCUCCUUCUGAAAGAGCAGUUGGUGUUUAUUUUUUACUAAAUAGCAAUUGCUCUUUUGGAAGGAACUUGAG,((.(((.((((((((((((((((((((.((((((........)))))).)))))))))))))))))))).))).)),UGGUGUUUAUUUUU,((.((((((.....,ACOAUAAAUOOOOO,1
230,hsa-mir-520g,UCCCAUGCUGUGACCCUCUAGAGGAAGCACUUUCUGUUUGUUGUCUGAGAAAAAACAAAGUGCUUCCCUUUAGAGUGUUACCGUUUGGGA,(((((.((.(((((.(((((((((((((((((..(((((.............))))))))))))).))))))))).))))).)).))))),UCUGUUUGUUGUCU,..(((((.......,OOACAAAOOOOOOO,1
231,hsa-mir-190a,UGCAGGCCUCUGUGUGAUAUGUUUGAUAUAUUAGGUUGUUAUUUAAUCCAACUAUAUAUCAAACAUAUUCCUACAGUGUCUUGCC,.(((((.(.(((((.((((((((((((((((..(((((..........)))))))))))))))))))))..))))).).))))).,AUUAGGUUGUUAUU,((..(((((.....,UAOOUCAACOOOOO,1
232,hsa-mir-514a-3,GUUGUCUGUGGUACCCUACUCUGGAGAGUGACAAUCAUGUAUAACUAAAUUUGAUUGACACUUCUGUGAGUAGAGUAACGCAUGACAC,..((((((((.(((.((((((((((.((((.((((((.((........)).)))))).)))))))).)))))).))).)))).)))).,AAUCAUGUAUAACU,(((((.((......,UUAGUOUAOOOOOO,1
233,hsa-mir-6894,CAAGAAGGAGGAUGGAGAGCUGGGCCAGACAUGCUCUUGCCUGCCCUCUUCCUCCAG,......((((((.((((.((.((((.(((.....))).)))))).))))))))))..,GGCCAGACAUGCUC,(((.(((.....)),CCGOUCUOOOOOAG,1
234,hsa-mir-383,CUCCUCAGAUCAGAAGGUGAUUGUGGCUUUGGGUGGAUAUUAAUCAGCCACAGCACUGCCUGGUCAGAAAGAG,(((.((.((((((..((((.((((((((...(((........)))))))))))))))..)))))).))..))),UGUGGCUUUGGGUG,(((((((...(((.,ACACCGAOOOCUAO,1
235,hsa-mir-411,UGGUACUUGGAGAGAUAGUAGACCGUAUAGCGUACGCUUUAUCUGUGACGUAUGUAACACGGUCCACUAACCCUCAGUAUCAAAUCCAUCCCCGAG,(((((((..(((.(.((((.((((((...((((((((.........).)))))))...)))))).)))).).))))))))))..............,GCGUACGCUUUAUC,((((((((......,UGUAUGCGOOOOOO,1
236,hsa-mir-888,GGCAGUGCUCUACUCAAAAAGCUGUCAGUCACUUAGAUUACAUGUGACUGACACCUCUUUGGGUGAAGGAAGGCUCA,(((..(.((.((((((((.((.((((((((((...........)))))))))).)).)))))))).)).)..)))..,UCAGUCACUUAGAU,((((((((......,AGUCAGUGOOOOOO,1
237,hsa-mir-375,CCCCGCGACGAGCCCCUCGCACAAACCGGACCUGAGCGUUUUGUUCGUUCGGCUCGCGUGAGGC,.((((((.((((((...((.(((((.((........)).))))).))...)))))))))).)).,ACAAACCGGACCUG,(((((.((......,UGUUUOGCOOOOOO,1
238,hsa-mir-4640,CUGUGGGCUGGGCCAGGGAGCAGCUGGUGGGUGGGAAGUAAGAUCUGACCUGGACUCCAUCCCACCCACCCCCUGUUUCCUGGCCCACAG,........(((((((((((((((..(((((((((((....((.(((.....)))))...)))))))))))..)))))))))))))))...,UGGUGGGUGGGAAG,.(((((((((((..,OCCACCCACCCUOO,1
239,hsa-mir-1225,GUGGGUACGGCCCAGUGGGGGGGAGAGGGACACGCCCUGGGCUCUGCCCAGGGUGCAGCCGGACUGACUGAGCCCCUGUGCCGCCCCCAG,.(((((...))))).(((((((((.((((...((((((((((...))))))))))..(((((.....))).)))))).).)).)))))).,UGGGGGGGAGAGGG,(((((((((.((((,ACCCCCCCUOUCCC,1
240,hsa-mir-6812,UGAGGAUGGGGUGAGAUGGGGAGGAGCAGCCAGUCCUGUCUCACCGCUCUUCCCCUGACCCCAG,......((((((.(...((((((((((.(..((......))..).))))))))))).)))))).,GAGCAGCCAGUCCU,((((.(..((....,CUCGOCOOUCOOOO,1
241,hsa-mir-26b,CCGGGACCCAGUUCAAGUAAUUCAGGAUAGGUUGUGUGCUGUCCAGCCUGUUCUCCAUUACUUGGCUCGGGGACCGG,((((..((((((.((((((((..(((((((((((.(......))))))))))))..))))))))))).)))..)))),GAUAGGUUGUGUGC,(((((((((.(...,UUGUCCGACOCOOO,1
242,hsa-mir-218-2,GACCAGUCGCUGCGGGGCUUUCCUUUGUGCUUGAUCUAACCAUGUGGUGGAACGAUGGAAACGGAACAUGGUUCUGUCAAGCACCGCGGAAAGCACCGUGCUCUCCUGCA,...(((..((.((((.(((((((...(((((((((..((((((((..((............))..))))))))..)))))))))...))))))).))))))....)))..,ACCAUGUGGUGGAA,(((((((..((...,UGGUACAOOGCOOO,1
243,hsa-mir-409,UGGUACUCGGGGAGAGGUUACCCGAGCAACUUUGCAUCUGGACGACGAAUGUUGCUCGGUGAACCCCUUUUCGGUAUCA,((((((.(((((((.((((..((((((((((((((........).)))).)))))))))..)))).))))))))))))),UUUGCAUCUGGACG,(((((........),AAGCGOOOOOOOOC,1
244,hsa-mir-576,UACAAUCCAACGAGGAUUCUAAUUUCUCCACGUCUUUGGUAAUAAGGUUUGGCAAAGAUGUGGAAAAAUUGGAAUCCUCAUUCGAUUGGUUAUAACCA,..(((((.((.((((((((((((((.((((((((((((.(((......))).)))))))))))).)))))))))))))).)).)))))..........,CGUCUUUGGUAAUA,((((((((.(((..,GUAGAAACOGUUOO,1
245,hsa-mir-4646,ACUGGGAAGAGGAGCUGAGGGACAUUGCGGAGAGGGUCUCACAUUGUCCCUCUCCCUUCCCAG,.((((((((.(((...((((((((.((..((((...)))).)).))))))))))))))))))),UGAGGGACAUUGCG,.((((((((.((..,OCUCCCUGUOACOO,1
246,hsa-mir-523,UCUCAUGCUGUGACCCUCUAGAGGGAAGCGCUUUCUGUUGUCUGAAAGAAAAGAACGCGCUUCCCUAUAGAGGGUUACCCUUUGAGA,(((((....(((((((((((.((((((((((.((((....(((...)))..)))).)))))))))).)))))))))))....))))),CUUUCUGUUGUCUG,(.((((....(((.,GOAAGAOOOOAGAO,1
247,hsa-mir-4742,UCAGGCAAAGGGAUAUUUACAGAUACUUUUUAAAAUUUGUUUGAGUUGAGGCAGAUUAAAUAUCUGUAUUCUCCUUUGCCUGCAG,.(((((((((((.....((((((((.(((....(((((((((......))))))))))))))))))))...)))))))))))...,UUACAGAUACUUUU,.((((((((.(((.,OAUGUCUAUOAAAO,1
248,hsa-mir-1296,ACCUACCUAACUGGGUUAGGGCCCUGGCUCCAUCUCCUUUAGGAAAACCUUCUGUGGGGAGUGGGGCUUCGACCCUAACCCAGGUGGGCUGU,.(((((((....(((((((((....(((((((.((((((..((((....))))..)))))))))))))....))))))))))))))))....,CAUCUCCUUUAGGA,((.((((((..(((,GUOGAGGGGOOUCU,1
249,hsa-mir-134,CAGGGUGUGUGACUGGUUGACCAGAGGGGCAUGCACUGUGUUCACCCUGUGGGCCACCUAGUCACCAACCCUC,.(((((..((((((((.((.(((.((((((((.....))))...)))).)))..)).))))))))..))))).,AGAGGGGCAUGCAC,(.((((((((....,UOUCCCUGUGOOOO,1
250,hsa-mir-532,CGACUUGCUUUCUCUCCUCCAUGCCUUGAGUGUAGGACCGUUGGCAUCUUAAUUACCCUCCCACACCCAAGGCUUGCAGAAGAGCGAGCCU,......((((.((((.((.((.((((((.((((.(((..((.............))..))).)))).)))))).)).)).)))).))))..,GGACCGUUGGCAUC,(((..((.......,CCUOOCAOOOOOOO,1
251,hsa-mir-218-1,GUGAUAAUGUAGCGAGAUUUUCUGUUGUGCUUGAUCUAACCAUGUGGUUGCGAGGUAUGAGUAAAACAUGGUUCCGUCAAGCACCAUGGAACGUCACGCAGCUUUCUACA,(((..((.((.(((.(((.((((((.(((((((((..((((((((..((((.........)))).))))))))..))))))))).)))))).))).))).))))..))).,ACCAUGUGGUUGCG,(((((((..((((.,UGGUACAOOAAUGO,1
252,hsa-mir-202,CGCCUCAGAGCCGCCCGCCGUUCCUUUUUCCUAUGCAUAUACUUCUUUGAGGAUCUGGCCUAAAGAGGUAUAGGGCAUGGGAAAACGGGGCGGUCGGGUCCUCCCCAGCG,(((....(((..((((((((((((.(((((((((((.(((((((((((.(((......))))))))))))))..))))))))))).))))))).))))).)))....))),UUCUUUGAGGAUCU,((((((.(((....,GAGAAAOUCCOOOO,1
253,hsa-mir-6504,GCAGUCUGGCUGUGCUGUAAUGCAGUCUGCACCCUGCUGCAUUACAGCACAGCCAUUCUCU,..((..(((((((((((((((((((.(........))))))))))))))))))))..))..,AAUGCAGUCUGCAC,(((((((.(.....,UUACGUCOGOOOOO,1
254,hsa-mir-6729,GAGGGUGGGCGAGGGCGGCUGAGCGGCUCCAUCCCCCGGCCUGCUCAUCCCCCUCGCCCUCUCAG,..(((.(((((((((.((.(((((((((.........)))).))))).))))))))))).)))..,GAGCGGCUCCAUCC,((((((((......,CUCGCCGGOOOOOO,1
255,hsa-mir-3158-1,AUUCAGGCCGGUCCUGCAGAGAGGAAGCCCUUCUGCUUACAGGUAUUGGAAGGGCUUCCUCUCUGCAGGACCGGCCUGAAU,(((((((((((((((((((((((((((((((((((((....)))...)))))))))))))))))))))))))))))))))),GCCCUUCUGCUUAC,(((((((((((...,CGGGAAGGUGGOOO,1
256,hsa-mir-6758,UGGGCUAGAGAGGGGAAGGAUGUGAUGUGAGCAGAUGGUUCUCACUCAUUCUCCUCUGUCCAG,(((((...(((((((((.((.((((...((((.....)))))))))).)))))))))))))).,GUGAUGUGAGCAGA,((((...((((...,CACUOOOCUUGOOO,1
257,hsa-mir-6499,UCAGUCGGGCGCAAGAGCACUGCAGUUCUGUUGGGUGACAGCAGUGUUUGUUUUGCCCACAG,...((.(((((...(((((((((.(((((....)).))).)))))))))....)))))))..,CUGCAGUUCUGUUG,((((.(((((....,GACGOCAGGGOOOO,1
258,hsa-mir-516b-2,UCUCAUGAUGUGACCAUCUGGAGGUAAGAAGCACUUUGUGUUUUGUGAAAGAAAGUGCUUCCUUUCAGAGGGUUACUCUUUGAGA,(((((.((.((((((.((((((((...((((((((((.(..........).)))))))))))))))))).))))))))..))))),GCACUUUGUGUUUU,(((((((.(.....,CGUGAAAOAOOOOO,1
259,hsa-mir-629,UCCCUUUCCCAGGGGAGGGGCUGGGUUUACGUUGGGAGAACUUUUACGGUGAACCAGGAGGUUCUCCCAACGUAAGCCCAGCCCCUCCCCUCUGCCU,..........(((((((((((((((((((((((((((((((((((..((....)).)))))))))))))))))))))))))))))))))))......,GAGAACUUUUACGG,((((((((((..((,CUCUUGGAGGOOCC,1
260,hsa-mir-3944,UCCACCCAGCAGGCGCAGGUCCUGUGCAGCAGGCCAACCGAGAAGCGCCUGCGUCUCCCAUUUUCGGGCUGGCCUGCUGCUCCGGACCUGUGCCUGAUCUUAAUGCUG,.........(((((((((((((.(.(((((((((((.((((((((((....)))......)))))))..))))))))))).).)))))))))))))............,ACCGAGAAGCGCCU,.((((((((((...,OGGCUUUUUGCOOO,1
261,hsa-mir-4747,AGGGAAGGAGGCUUGGUCUUAGCACGGGGUCUAAGGCCCGGGCUUUCCUCCCAG,.((((.((((((((((((((((.((...)))))))).)))))))))).))))..,GUCUUAGCACGGGG,(((((((.((...),CGGAAUCOUGOOOC,1
262,hsa-mir-30c-1,ACCAUGCUGUAGUGUGUGUAAACAUCCUACACUCUCAGCUGUGAGCUCAAGGUGGCUGGGAGAGGGUUGUUUACUCCUUCUGCCAUGGA,.(((((..((((...(.(((((((.(((...(((((((((....(((...)))))))))))).))).))))))).)...))))))))).,UCUCAGCUGUGAGC,((((((((....((,AGGGUCGGOOOOUG,1
263,hsa-mir-1226,GUGAGGGCAUGCAGGCCUGGAUGGGGCAGCUGGGAUGGUCCAAAAGGGUGGCCUCACCAGCCCUGUGUUCCCUAG,...((((.(((((((.((((.((((((.((((((....))).....))).)))))))))).))))))).))))..,GAUGGGGCAGCUGG,(.((((((.(((((,COACUCCGOUGGCC,1
264,hsa-mir-3613,UGGUUGGGUUUGGAUUGUUGUACUUUUUUUUUUGUUCGUUGCAUUUUUAGGAACAAAAAAAAAAGCCCAACCCUUCACACCACUUCA,(((...(((.((((..((((..(((((((((((((((.(.........).)))))))))))))))..))))..)))).)))...))),UUUGUUCGUUGCAU,(((((((.(.....,AAACAAGOAOOOOO,1
265,hsa-mir-1251,GUGGACUCUAGCUGCCAAAGGCGCUUCUCCUUCUGAACAGAGCGCUUUGCUCAGCCAGUGUAGACAUGGC,((..((.((.((((...(((((((((.((.....))...)))))))))...)))).)).))..)).....,AGGCGCUUCUCCUU,((((((((.((...,UUCGCGAGOAGOOO,1
266,hsa-mir-9-3,GGAGGCCCGUUUCUCUCUUUGGUUAUCUAGCUGUAUGAGUGCCACAGAGCCGUCAUAAAGCUAGAUAACCGAAAGUAGAAAUGAUUCUCA,.((((..(((((((((.(((((((((((((((.(((((..((......))..))))).))))))))))))))))).)))))))..)))).,UGUAUGAGUGCCAC,(.(((((..((...,AOAUACUOOCGOOO,1
267,hsa-mir-548g,AGUUAUUAGAUUAGUGCAAAAGUAAUUGCAGUUUUUGCAUUACGUUCUAUGGCAAAACUGUAAUUACUUUUGUACCAACAUAAUACUUC,...(((((..((.((((((((((((((((((((((..(((........)))..)))))))))))))))))))))).))..)))))....,GUUUUUGCAUUACG,(((((..(((....,CAAAAOOGUAOOOO,1
268,hsa-mir-3622b,AGUGAUAUAAUAGAGGGUGCACAGGCAUGGGAGGUCAGGUGAGCUCAGCUCCCUGCCUCACCUGAGCUCCCGUGCCUGUGCACCCUCUAUUGGCU,.......((((((((((((((((((((((((((.(((((((((..(((....))).))))))))).))))))))))))))))))))))))))...,CAGGUGAGCUCAGC,((((((((..(((.,GUCCACUCOOGUCO,1
269,hsa-mir-516a-1,UCUCAGGCUGUGACCUUCUCGAGGAAAGAAGCACUUUCUGUUGUCUGAAAGAAAAGAAAGUGCUUCCUUUCAGAGGGUUACGGUUUGAGA,(((((((((((((((((((.((((...((((((((((((....(((...)))..)))))))))))))))).))))))))))))))))))),CACUUUCUGUUGUC,((((((((....((,GUGAAAGAOOOOAG,1
270,hsa-mir-6511b-1,GGGACGGGGCCUGCAGGCAGAAGUGGGGCUGACAGGGCAGAGGGUUGCGCCCCCUCACCACCCCUUCUGCCUGCAGCGGUGGGCU,.......((((((((((((((((.((((.(((..((((..........))))..))).).))))))))))))))......))))),GCUGACAGGGCAGA,(.(((..((((...,COACUOOCCCGOOO,1
271,hsa-mir-324,CUGACUAUGCCUCCCCGCAUCCCCUAGGGCAUUGGUGUAAAGCUGGAGACCCACUGCCCCAGGUGCUGCUGGGGGUUGUAGUC,..(((((((.(((((.(((.(.(((.(((((.(((.((..........))))).))))).))).).))).))))).))))))),AUUGGUGUAAAGCU,(.(((.((......,UOACCOCAOOOOOO,1
272,hsa-mir-29c,AUCUCUUACACAGGCUGACCGAUUUCUCCUGGUGUUCAGAGUCUGUUUUUGUCUAGCACCAUUUGAAAUCGGUUAUGAUGUAGGGGGA,..((((((((((...(((((((((((...(((((((.(((...........))))))))))...))))))))))))).))))))))..,GGUGUUCAGAGUCU,((((((.(((....,CCACGAOUCUOOOO,1
273,hsa-mir-1307,CAUCAAGACCCAGCUGAGUCACUGUCACUGCCUACCAAUCUCGACCGGACCUCGACCGGCUCGUCUGUGUUGCCAAUCGACUCGGCGUGGCGUCGGUCGUGGUAGAUAGGCGGUCAUGCAUACGAAUUUUCAGCUCUUGUUCUGGUGAC,(((((.(((..(((((((((..(((.((((((((.(.(((.(((((((.((.((.((((.(((..((......))..))).)))))).))..))))))).))).).))))))))...)))...))...)))))))...))).)))))..,ACCGGCUCGUCUGU,.((((.(((..((.,OGGCUOAGCOOACO,1
274,hsa-mir-4700,UCAGUGAGGUCUGGGGAUGAGGACAGUGUGUCCUGAAAUUCACAGGACUGACUCCUCACCCCAGUGCACGAGGA,...(((....((((((.((((((..((..((((((.......))))))..))))))))))))))..))).....,AGUGUGUCCUGAAA,.((..((((((...,OCAOOCAGGACOOO,1
275,hsa-mir-3689b,GAUCCUGUGCUCCCUGGGGGGUCUGAUCCUGUGCUUCCUGGGAGGUGUGAUAUCAUGGUUCCUGGGAGGUGUGAUCCCGUGCUUCCUGGGAGGUGUGAUAUUGUGGUUCCUGGGAGGUGUGAUCCCGUGCUCCCUGGGAGGUGUGAUC,((((.....(((((.(((((((..((((...(((((((((((((.((((((((((((.(((((((((((((((....))))))))))))))).)))))))))))).))))))))))))).))))....))))))))))))....)))),CCUGGGAGGUGUGA,((((((((.(((((,GGGUCCUUOGUGUU,1
276,hsa-mir-4804,UCAGUGUAUUUGGACGGUAAGGUUAAGCAAGGUGCGUCGUAUCUUGCUUAACCUUGCCCUCGAAAUACACUGA,(((((((((((.((.((((((((((((((((((((...)))))))))))))))))))).)).))))))))))),UAAGCAAGGUGCGU,((((((((((((..,AUUCGUUCUAUGOO,1
277,hsa-mir-365a,ACCGCAGGGAAAAUGAGGGACUUUUGGGGGCAGAUGUGUUUCCAUUCCACUAUCAUAAUGCCCCUAAAAAUCCUUAUUGCUCUUGCA,...((((((..((((((((..(((((((((((((((((.........))).)))....))))))))))).))))))))..)))))).,AGAUGUGUUUCCAU,(((((((.......,UCUACACOOOOOOO,1
278,hsa-mir-5189,GGCCCGCCUUUUAGGGGCCUCGCUGUCUGGGCACAGGCGGAUGGACAGGCUGGCCUCUGGAUGACCUGCCAACCGUCAGAGCCCAGACCCACGUGGCCUCAGUUGGGGACCAGG,((.((.((.....((((((.((..((((((((.(.(((((.(((.((((....((...))....))))))).))))).).))))))))...)).))))))....)))).))...,GGACAGGCUGGCCU,((.((((....((.,CCOGUCCOOOOGGO,1
279,hsa-mir-4713,GUCCCCAUUUUUCUCCCACUACCAGGCUCCCAUAAGGGUCGAAUGGGAUCCAGACAGUGGGAGAAAAAUGGGGAC,((((((((((((((((((((..(.((.((((((.........)))))).)).)..)))))))))))))))))))),GCUCCCAUAAGGGU,(.((((((......,COAGGGUAOOOOOO,1
280,hsa-mir-144,UGGGGCCCUGGCUGGGAUAUCAUCAUAUACUGUAAGUUUGCGAUGAGACACUACAGUAUAGAUGAUGUACUAGUCCGGGCACCCCC,.(((((((.((((((.((((((((.(((((((((.((((......))))..))))))))))))))))).)))))).)))).)))..,CUGUAAGUUUGCGA,(((((.((((....,GACAUOCAGAOOOO,1
281,hsa-mir-15a,CCUUGGAGUAAAGUAGCAGCACAUAAUGGUUUGUGGAUUUUGAAAAGGUGCAGGCCAUAUUGUGCUGCCUCAAAAAUACAAGG,(((((.......(..((((((((..((((((((((.............))))))))))..))))))))..).......))))),GUUUGUGGAUUUUG,(((((((.......,CGGACGUOOOOOOO,1
282,hsa-mir-499b,GGAAGCAGCACAGACUUGCUGUGAUGUUCACGUGGAGAGGAGUUAAACAUCACUGCAAGUCUUAACAGCCGCC,((..((.....((((((((.((((((((.((.(......).))..)))))))).)))))))).....))..)),AUGUUCACGUGGAG,(((((.((.(....,UACAAOUGOGOOOO,1
283,hsa-let-7g,AGGCUGAGGUAGUAGUUUGUACAGUUUGAGGGUCUAUGAUACCACCCGGUACAGGAGAUAACUGUACAGGCCACUGCCUUGCCA,.(((.((((((((.((((((((((((.....((((.((.((((....))))))..)))))))))))))))).))))))))))).,UACAGUUUGAGGGU,(((((((.....((,AUGUCAAOOOOOUA,1
284,hsa-mir-6731,ACAGGUGGGAGAGCAGGGUAUUGUGGAAGCUCCAGGUGCCAACCACCUGCCUCUAUUCCCCACUCUCCCCAG,....(.(((((((..(((....(((((.((...(((((.....))))))).))))).)))..))))))))..,UUGUGGAAGCUCCA,..(((((.((...(,OOUAUCUOCGOOOU,1
285,hsa-mir-3622a,AAUAGAGGGUGCACAGGCACGGGAGCUCAGGUGAGGCAGGGAGCUGAGCUCACCUGACCUCCCAUGCCUGUGCACCCUCUAUU,(((((((((((((((((((.(((((.(((((((((.(((....)))..))))))))).))))).))))))))))))))))))),AGGUGAGGCAGGGA,(((((((.(((...,UCCACUCOGUCOOO,1
286,hsa-mir-133a-1,ACAAUGCUUUGCUAGAGCUGGUAAAAUGGAACCAAAUCGCCUCUUCAAUGGAUUUGGUCCCCUUCAACCAGCUGUAGCUAUGCAUUGA,.((((((...((((.(((((((..((.((.((((((((............)))))))).)).))..))))))).))))...)))))).,ACCAAAUCGCCUCU,((((((((......,UGGUUUAGOOOOOO,1
287,hsa-mir-4701,CCUUGGCCACCACACCUACCCCUUGUGAAUGUCGGGCAAUGGGUGAUGGGUGUGGUGUCCACA,...(((.(((((((((((((((((((.........)))).))).).))))))))))).)))..,ACCCCUUGUGAAUG,(((((((((.....,UGGGGAACGOOOOO,1
288,hsa-mir-148b,CAAGCACGAUUAGCAUUUGAGGUGAAGUUCUGUUAUACACUCAGGCUGUGGCUCUCUGAAAGUCAGUGCAUCACAGAACUUUGUCUCGAAAGCUUUCUA,.......((..(((.((((((((((((((((((.((.((((..((((.............)))))))).)).)))))))))))))))))).))).))..,CUCAGGCUGUGGCU,((..((((......,GAOOCUGAOOOOOO,1
289,hsa-mir-106b,CCUGCCGGGGCUAAAGUGCUGACAGUGCAGAUAGUGGUCCUCUCCGUGCUACCGCACUGUGGGUACUUGCUGCUCCAGCAGG,(((((.(((((..(((((((.(((((((.(.((((((......))..))))).))))))).)))))))...))))).))))),UGCAGAUAGUGGUC,(((.(.((((((..,ACGOCOAUCGCCOO,1
290,hsa-mir-502,UGCUCCCCCUCUCUAAUCCUUGCUAUCUGGGUGCUAGUGCUGGCUCAAUGCAAUGCACCUGGGCAAGGAUUCAGAGAGGGGGAGCU,.((((((((((((((((((((((...((((((((...(((.........)))..))))))))))))))))).))))))))))))).,GGUGCUAGUGCUGG,(((((...(((...,CCACGOOOACGOOO,1
291,hsa-mir-515-2,UCUCAUGCAGUCAUUCUCCAAAAGAAAGCACUUUCUGUUGUCUGAAAGCAGAGUGCCUUCUUUUGGAGCGUUACUGUUUGAGA,(((((.(((((.((.(((((((((((.((((..((((((.......)))))))))).))))))))))).)).))))).))))),CUUUCUGUUGUCUG,(..((((((.....,GOOAGACGAOOOOO,1
292,hsa-mir-548c,CAUUGGCAUCUAUUAGGUUGGUGCAAAAGUAAUUGCGGUUUUUGCCAUUACUUUCAGUAGCAAAAAUCUCAAUUACUUUUGCACCAACUUAAUACUU,..........(((((((((((((((((((((((((.(((((((((...((((...))))))))))))).)))))))))))))))))))))))))...,UUUUGCCAUUACUU,((((((...((((.,AAAACGOOOAUGAO,1
293,hsa-mir-93,CUGGGGGCUCCAAAGUGCUGUUCGUGCAGGUAGUGUGAUUACCCAACCUACUGCUGAGCUAGCACUUCCCGAGCCCCCGG,((((((((((..((((((((((((.((((.(((.((.........)))))))))))))).)))))))...)))))))))),CAGGUAGUGUGAUU,(((.(((.((....,GUCOAUCOCAOOOO,1
294,hsa-mir-3194,AGGUGGCAGGGCCAGCCACCAGGAGGGCUGCGUGCCACCCGGGCAGCUCUGCUGCUCACUGGCAGUGUCACCU,((((((((..(((((....(((.((((((((.((.....)).)))))))).)))....)))))..)))))))),AGGGCUGCGUGCCA,((((((((.((...,UCUCGACGOGCOOO,1
295,hsa-mir-487b,UUGGUACUUGGAGAGUGGUUAUCCCUGUCCUGUUCGUUUUGCUCAUGUCGAAUCGUACAGGGUCAUCCACUUUUUCAGUAUCAA,.(((((((.(((((((((....((((((.(.(((((............))))).).))))))....))))))))).))))))).,CUGUUCGUUUUGCU,(.(((((.......,GOUAAGCOOOOOOO,1
296,hsa-mir-30a,GCGACUGUAAACAUCCUCGACUGGAAGCUGUGAAGCCACAGAUGGGCUUUCAGUCGGAUGUUUGCAGCUGC,(((.((((((((((((..((((((((((((((....))).....))))))))))))))))))))))).))),CUGGAAGCUGUGAA,((((((((((((..,GACUUUCGGCACOO,1
297,hsa-mir-150,CUCCCCAUGGCCCUGUCUCCCAACCCUUGUACCAGUGCUGGGCUCAGACCCUGGUACAGGCCUGGGGGACAGGGACCUGGGGAC,.((((((.((((((((((((((..(((.(((((((.((((....))).).))))))))))..)))))))))))).)))))))).,ACCAGUGCUGGGCU,(((((.((((....,UGGUCOCGACOOOO,1
298,hsa-mir-6742,GAGGGAGUGGGGUGGGACCCAGCUGUUGGCCAUGGCGACAACACCUGGGUUGUCCCCUCUAG,.....((.((((.(.(((((((.(((((..........))))).))))))).))))).))..,AGCUGUUGGCCAUG,((.(((((......,UCOACAACOOOOOO,1
299,hsa-mir-4735,UGCAGUGCCUAAUUUGAACACCUUCGGUAUUCAUCAAAAAUACCAAAGGUGCUCAAAUUAGACAUUGCA,(((((((.(((((((((.((((((.((((((.......)))))).)))))).))))))))).))))))),UUCGGUAUUCAUCA,((.((((((.....,AAOCCAUAAOOOOO,1
300,hsa-mir-148a,GAGGCAAAGUUCUGAGACACUCCGACUCUGAGUAUGAUAGAAGUCAGUGCACUACAGAACUUUGUCUC,((((((((((((((((.((((..(((((((.......))).))))))))..)).)))))))))))))),UCCGACUCUGAGUA,(..(((((((....,AOOCUGAGAUOOOO,1
301,hsa-mir-10397,UCCUUGACCUGAUGCUGUAGGGCUUGGCAACUCUUGUGAAAUUUCAUAGAUCUCGUCGCUUACUGGGA,((((((((..(((.((((.(((.((.((((...)))).)).))).)))))))..))))......)))),UGUAGGGCUUGGCA,(((.(((.((.(((,AUAOUUUOAAOUGU,1
302,hsa-mir-99b,GGCACCCACCCGUAGAACCGACCUUGCGGGGCCUUCGCCGCACACAAGCUCGUGUCUGUGGGUCCGUGUC,(((((..(((((((((..(((.((((.(.(((....))).)...)))).)))..)))))))))..))))),CCUUGCGGGGCCUU,.((((.(.(((...,OGAACOCOCCGOOO,1
303,hsa-mir-875,UUAGUGGUACUAUACCUCAGUUUUAUCAGGUGUUCUUAAAAUCACCUGGAAACACUGAGGUUGUGUCUCACUGAAC,(((((((.((...((((((((.((.(((((((..........))))))).)).))))))))...)).)))))))..,UCAGGUGUUCUUAA,(((((((.......,GGUCCACOOOOOOO,1
304,hsa-mir-19b-2,ACAUUGCUACUUACAAUUAGUUUUGCAGGUUUGCAUUUCAGCGUAUAUAUGUAUAUGUGGCUGUGCAAAUCCAUGCAAAACUGAUUGUGAUAAUGU,((((((....((((((((((((((((((((((((((....(((((((....)))))))....))))))).)).))))))))))))))))))))))),CAUUUCAGCGUAUA,(((....(((((((,GUGOOOOUGUAUAU,1
305,hsa-mir-5699,CUGUACCCCUGCCCCAACAAGGAAGGACAAGAGGUGUGAGCCACACACACGCCUGGCCUCCUGUCUUUCCUUGUUGGAGCAGGGAUGUAG,(((((.((((((.((((((((((((((((.(((((..(.((.........)))..))))).)))))))))))))))).)))))).))))),GGACAAGAGGUGUG,(((((.(((((..(,UCUGUOCUCCGOOC,1
306,hsa-mir-767,GCUUUUAUAUUGUAGGUUUUUGCUCAUGCACCAUGGUUGUCUGAGCAUGCAGCAUGCUUGUCUGCUCAUACCCCAUGGUUUCUGAGCAGGAACCUUCAUUGUCUACUGC,((....(((.((.(((((((((((((...(((((((..((.((((((.((((.....)))).)))))).)).)))))))...))))))))))))).)).))).....)),GAGCAUGCAGCAUG,(((((.((((....,CUCGUOUGUUOOOO,1
307,hsa-mir-9-1,CGGGGUUGGUUGUUAUCUUUGGUUAUCUAGCUGUAUGAGUGGUGUGGAGUCUUCAUAAAGCUAGAUAACCGAAAGUAAAAAUAACCCCA,.(((((((....((((.(((((((((((((((.((((((.(.(....).).)))))).))))))))))))))).))))...))))))).,UGUAUGAGUGGUGU,(.((((((.(.(..,AOAUACUUOUOAOO,1
308,hsa-mir-6740,GAAAGAGUUUGGGAUGGAGAGAGGAGAAACUUGAGGUCUCUGGGAGUUGCUUAAACCAGUUGACCGUAACCUGGCCAGAGAAUUCUGAUAGUGUCUUCUCUCCUCCCAAACAG,......((((((((.((((((((((.(.....(((.(((((((..(((((...............)))))....))))))).)))......).))))))))))))))))))..,GAGGAGAAACUUGA,(((((.(.....((,CUUCUOUOOOOOCU,1
309,hsa-mir-135b,CACUCUGCUGUGGCCUAUGGCUUUUCAUUCCUAUGUGAUUGCUGUCCCAAACUCAUGUAGGGCUAAAAGCCAUGGGCUACAGUGAGGGGCGAGCUCC,..(((((((((((((((((((((((...(((((((((((((......)))..))))))))))..))))))))))))))))))).)))).........,UAUGUGAUUGCUGU,((((((((((....,AUGUACUAACOOOO,1
310,hsa-mir-6770-2,UAUCCUGAGAAGGCACAGCUUGCACGUGACCUCCUGGGCCUGGCGGCUGUGUCUUCACAG,....(((.((((((((((((.((.((.(.((....)).).)))))))))))))))).))),CACGUGACCUCCUG,(.((.(.((....),GOGUOCOGGOOOOC,1
311,hsa-mir-146a,CCGAUGUGUAUCCUCAGCUUUGAGAACUGAAUUCCAUGGGUUGUGUCAGUGUCAGACCUCUGAAAUUCAGUUCUUCAGCUGGGAUAUCUCUGUCAUCGU,.(((((.((((((.(((((..((((((((((((.((.(((((.((.......))))))).)).)))))))))))).)))))))))))......))))).,AUGGGUUGUGUCAG,(.(((((.((....,UOUCCAGOACOOOO,1
312,hsa-mir-6867,CCCGGUGUGUGUGUAGAGGAAGAAGGGAAGCUGGGAACCUGACUGCCUCUCCCUCUUUACCCACUAG,...((((.(.(((.(((((.(((.((.(..(.((...)).)..).))))).))))).))))))))..,GAAGGGAAGCUGGG,((.((.(..(.((.,CUOCCOUOOGOCCO,1
313,hsa-mir-299,AAGAAAUGGUUUACCGUCCCACAUACAUUUUGAAUAUGUAUGUGGGAUGGUAAACCGCUUCUU,(((((.((((((((((((((((((((((.......)))))))))))))))))))))).))))),CAUACAUUUUGAAU,(((((((.......,GUAUGUAOOOOOOO,1
314,hsa-mir-524,UCUCAUGCUGUGACCCUACAAAGGGAAGCACUUUCUCUUGUCCAAAGGAAAAGAAGGCGCUUCCCUUUGGAGUGUUACGGUUUGAGA,(((((.((((((((.((.(((((((((((.((((((....(((...)))..)))))).))))))))))).)).)))))))).))))),CUUUCUCUUGUCCA,((((((....(((.,GGAAGAOOOOAGGO,1
315,hsa-mir-3663,CCCGGGACCUUGGUCCAGGCGCUGGUCUGCGUGGUGCUCGGGUGGAUAAGUCUGAUCUGAGCACCACACAGGCCGGGCGCCGGGACCAAGGGGGCUC,(((....(((((((((.((((((((((((.((((((((((((((((....))).))))))))))))).)))))).)))))).))))))))))))...,UGCUCGGGUGGAUA,((((((((((((..,ACGAGUCUAUCUOO,1
316,hsa-mir-4755,AGAUUCAGCUUUCCCUUCAGAGCCUGGCUUUGGCAUCUAUGAAAGCCAGGCUCUGAAGGGAAAGUUGAAUCU,(((((((((((((((((((((((((((((((.(......).))))))))))))))))))))))))))))))),UGGCUUUGGCAUCU,(((((((.(.....,ACCGAAAOUOOOOO,1
317,hsa-mir-1229,GUGGGUAGGGUUUGGGGGAGAGCGUGGGCUGGGGUUCAGGGACACCCUCUCACCACUGCCCUCCCACAG,(((((.(((((...((.(((((.(((..(((.....)))...))).))))).))...))))))))))..,GAGAGCGUGGGCUG,(((((.(((..(((,CUCUCOCACOOGAC,1
318,hsa-mir-574,GGGACCUGCGUGGGUGCGGGCGUGUGAGUGUGUGUGUGUGAGUGUGUGUCGCUCCGGGUCCACGCUCAUGCACACACCCACACGCCCACACUCAGG,........(.((((((.(((((((((.(.(((((((((((((((((.(.(.(....)).)))))))))))))))))))))))))))).)))))).),AGUGUGUGUCGCUC,((((((.(.(.(..,UCGCACOCOGOGOO,1
319,hsa-mir-7162,UGCUUCCUUUCUCAGCUGAACCCCUGCCCCUGGAGCCCCCAGCAGGGCCCUCUGAGGUGGAACAGCAGC,(((((((..((((((..(...((((((...(((.....))))))))).)..)))))).)))..))))..,UCAGCUGAACCCCU,((((..(...((((,AGUCOOCOOOGGGA,1
320,hsa-mir-4761,GGACAAGGUGUGCAUGCCUGACCCGUUGUCAGACCUGGAAAAAGGGCCGGCUGUGGGCAGGGAGGGCAUGCGCACUUUGUCC,(((((((((((((((((((..((((((..(((.((.((........)))))))..))).))).))))))))))))))))))),CCUGACCCGUUGUC,(((..((((((..(,GGGOOGGGCGGOOG,1
321,hsa-let-7a-3,GGGUGAGGUAGUAGGUUGUAUAGUUUGGGGCUCUGCCCUGCUAUGGGAUAACUAUACAAUCUACUGUCUUUCCU,(((.(((((((((((((((((((((((((((...)))))).........))))))))))))))))))))).))),UAUAGUUUGGGGCU,(((((((((((((.,AUAUCAAGUCCCGO,1
322,hsa-mir-3913-2,UGUCUAUAAUAAACUGAAAUAUUUGGGACUGAUCUUGAUGUCUGCCAAGGUUUUGGCAGACAUCAAGAUCAGUCCCAAAUAUUUCAGUUUAUUAUAAACA,(((.((((((((((((((((((((((((((((((((((((((((((((....)))))))))))))))))))))))))))))))))))))))))))).))),GAUGUCUGCCAAGG,((((((((((((..,CUACAGACGGUUOO,1
323,hsa-mir-520e,UCUCCUGCUGUGACCCUCAAGAUGGAAGCAGUUUCUGUUGUCUGAAAGGAAAGAAAGUGCUUCCUUUUUGAGGGUUACUGUUUGAGA,((((..((.(((((((((((((.(((((((.(((((....(((...)))..))))).))))))).))))))))))))).))..)))),GUUUCUGUUGUCUG,.(((((....(((.,OAAAGAOOOOGGAO,1
324,hsa-mir-6859-3,UGUGGGAGAGGAACAUGGGCUCAGGACAGCGGGUGUCAGCUUGCCUGACCCCCAUGUCGCCUCUGUAG,....(.(((((.(((((((.(((((..(((........)))..)))))..)))))))..))))).)..,CAGGACAGCGGGUG,((((..(((.....,GUCCOOUCGOOOOO,1
325,hsa-mir-1908,CGGGAAUGCCGCGGCGGGGACGGCGAUUGGUCCGUAUGUGUGGUGCCACCGGCCGCCGGCUCCGCCCCGGCCCCCGCCCC,((((...((((.(((((((.(((((.(((((..((((.....)))).))))).))))).))))))).)))).))))....,AUUGGUCCGUAUGU,.(((((..((((..,OGGCCAOOCGUGOO,1
326,hsa-mir-541,ACGUCAGGGAAAGGAUUCUGCUGUCGGUCCCACUCCAAAGUUCACAGAAUGGGUGGUGGGCACAGAAUCUGGACUCUGCUUGUG,(((.(((((...((((((((.((((.(..((((((....((((...))))))))))).))))))))))))...)))))..))).,UCCCACUCCAAAGU,..((((((....((,OOGGUGGGOOOOUA,1
327,hsa-mir-3912,AGAGAGGAAUGAACAGUUAAAUUAUAACAUGUCCAUAUUAUGGGUUAGUUGUGGACACAUACUAACGCAUAAUAUGGACAUGUUAUAAUUUAACUGUUCCUUUCU,((((((((....((((((((((((((((((((((((((((((.((((((.(((....))))))))).)))))))))))))))))))))))))))))))))))))),GGUUAGUUGUGGAC,.((((((.(((...,OCAAUCAOUACOOO,1
328,hsa-mir-3180-3,CAGUGCGACGGGCGGAGCUUCCAGACGCUCCGCCCCACGUCGCAUGCGCCCCGGGAAAGCGUGGGGCGGAGCUUCCGGAGGCCCCGCCCUGCUG,....(((..((((((.((((((.((.((((((((((((((....(.((...)).)...)))))))))))))).)).)))))).)))))))))..,CACGUCGCAUGCGC,(((((....(.((.,GUGCGOOOOGOGCO,1
329,hsa-mir-6851,CAGGGAGGAGGUGGUACUAGGGGCCAGCAACCUGAUUACCCCUCUUUGGCCCUUUGUACCCCUCCAG,......(((((.(((((.(((((((((..................))))))))).))))))))))..,GGCCAGCAACCUGA,((((((........,CCGGUUOOOOOOOO,1
330,hsa-mir-11181,GUCUGACCAACCUCCUCCCGCAAACUGUUUUGGCCUCUGAAGGAGGAGGAGGUCAGGCAUGGU,((((((((..((((((((..((....((....))...))..)))))))).)))))))).....,CUCCCGCAAACUGU,((((..((....((,GAGGOOGUOOOOCG,1
331,hsa-mir-96,UGGCCGAUUUUGGCACUAGCACAUUUUUGCUUGUGUCUCUCCGCUCUGAGCAAUCAUGUGCAGUGCCAAUAUGGGAAA,...((.((.((((((((.((((((..(((((((((......)))...))))))..)))))))))))))).)).))...,UUUUGCUUGUGUCU,..(((((((((...,OOAACGAGCGCOOO,1
332,hsa-mir-103a-1,UACUGCCCUCGGCUUCUUUACAGUGCUGCCUUGUUGCAUAUGGAUCAAGCAGCAUUGUACAGGGCUAUGAAGGCAUUG,...((((.((((((.((.(((((((((((.(((.(.(....).).)))))))))))))).))))))..)).))))...,UGCCUUGUUGCAUA,(((.(((.(.(...,ACGOAACOAOGOOO,1
333,hsa-mir-10396b,CGGCGGGGCUCGGAGCCGGGCUUCGGCCGGGCCCCGGGCCCUCGACCGGAC,(((((((((((((.(((.(((....))).))).)))))))).)).)))...,AGCCGGGCUUCGGC,.(((.(((....)),OCGGOCCGOOOOCG,1
334,hsa-mir-217,AGUAUAAUUAUUACAUAGUUUUUGAUGUCGCAGAUACUGCAUCAGGAACUGAUUGGAUAAGAAUCAGUCACCAUCAGUUCCUAAUGCAUUGCCUUCAGCAUCUAAACAAG,.(((.......)))...((((..(((((.(.((.((.(((((.((((((((((.((((........))).).)))))))))).))))).)).)).).))))).))))...,GAUUGGAUAAGAAU,(((.((((......,CUAOCCUGOOOOOO,1
335,hsa-mir-199b,CCAGAGGACACCUCCACUCCGUCUACCCAGUGUUUAGACUAUCUGUUCAGGACUCCCAAAUUGUACAGUAGUCUGCACAUUGGUUAGGCUGGGCUGGGUUAGACCCUCGG,((.((((.....(((((((.(((((.(((((((.(((((((.((((.(((..........))).))))))))))).))))))).))))).))).))))......)))))),UCUGUUCAGGACUC,.((((.(((.....,OGACAOGUUOOOOO,1
336,hsa-mir-4665,CUCGAGGUGCUGGGGGACGCGUGAGCGCGAGCCGCUUCCUCACGGCUCGGCCGCGGCGCGUAGCCCCCGCCACAUCGGG,(((((.(((.((((((((((((..((((((((((........)))))))..))).))))))..)))))).))).))))),CGCGAGCCGCUUCC,(((((((((.....,GCGCUCGGCOOOOO,1
337,hsa-mir-22,GGCUGAGCCGCAGUAGUUCUUCAGUGGCAAGCUUUAUGUCCUGACCCAGCUAAAGCUGCCAGUUGAAGAACUGUUGCCCUCUGCC,(((.(((..((((((((((((((((((((.((((((.((.........))))))))))))).))))))))))))))).))).))),AGCUUUAUGUCCUG,.((((((.((....,OCGAAAUOCGOOOO,1
338,hsa-mir-6872,GUGGGUCUCGCAUCAGGAGGCAAGGCCAGGACCCGCUGACCCAUGCCUCCUGCCGCGGUCAG,.......((((..(((((((((.((.(((......)))..)).)))))))))..))))....,GGCAAGGCCAGGAC,((((.((.(((...,CCGUOCCOGUCOOO,1
339,hsa-mir-28,GGUCCUUGCCCUCAAGGAGCUCACAGUCUAUUGAGUUACCUUUCUGACUUUCCCACUAGAUUGUGAGCUCCUGGAGGGCAGGCACU,(((.(((((((((.((((((((((((((((.(((((((......)))))....)).)))))))))))))))).))))))))).))),UAUUGAGUUACCUU,((.(((((((....,AUOACUCAGUOOOO,1
340,hsa-mir-340,UUGUACCUGGUGUGAUUAUAAAGCAAUGAGACUGAUUGUCAUAUGUCGUUUGUGGGAUCCGUCUCAGUUACUUUAUAGCCAUACCUGGUAUCUUA,..(((((.((((((.((((((((...((((((.((((.(((((.......))))))))).))))))....)))))))).)))))).)))))....,ACUGAUUGUCAUAU,((.((((.(((((.,UGOCUAGOGGUGUO,1
341,hsa-mir-510,GUGGUGUCCUACUCAGGAGAGUGGCAAUCACAUGUAAUUAGGUGUGAUUGAAACCUCUAAGAGUGGAGUAACAC,(((...(((.((((.((((.((..(((((((((........)))))))))..))))))..)))))))....))),CAAUCACAUGUAAU,(((((((((.....,GUUAGUGUGOOOOO,1
342,hsa-mir-10395,GUGAUGGAGAGCAAUACCCGGGGAUGACUGUGACCACAUUGGGAUGUAUUCGUACUGUCUGAUG,((.(((((..(((...(((((.(.((........))).))))).))).))))))).........,CAAUACCCGGGGAU,((...(((((.(.(,GUOOOGGGUUOCOA,1
343,hsa-mir-4749,CCUGCGGGGACAGGCCAGGGCAUCUAGGCUGUGCACAGUGACGCCCCUCCUGCCCCCACAG,.(((.((((.((((...((((.((...((((....)))))).))))..)))).)))).))),GGGCAUCUAGGCUG,((((.((...((((,CCCGOAGOOOUGAC,1
344,hsa-mir-361,GGAGCUUAUCAGAAUCUCCAGGGGUACUUUAUAAUUUCAAAAAGUCCCCCAGGUGUGAUUCUGAUUUGCUUC,(((((..(((((((((.((.((((.(((((..........))))).)))).))...)))))))))..))))),GGGGUACUUUAUAA,((((.(((((....,CCCCOUGAAAOOOO,1
345,hsa-mir-5009,GACCAGAAGUGUUUUGGAUUUUGGACUUUUUCAGAUUUGGGGAUAUUUGCAUUAUACUUAUCCUAAAUCUGAAAGUCCAAAACCUGAAAUGACCAAUAAG,........(((((((((.((((((((((..(((((((((((.(((.............)))))))))))))))))))))))).))))))).)).......,UGGGGAUAUUUGCA,((((.(((......,AUCCOUAUOOOOOO,1
346,hsa-mir-196a-1,GUGAAUUAGGUAGUUUCAUGUUGUUGGGCCUGGGUUUCUGAACACAACAACAUUAAACCACCCGAUUCAC,(((((((.(((.((((.((((((((((..(.........)..).))))))))).)))).))).))))))),UGUUGGGCCUGGGU,((((((..(.....,ACAACCOOGOOOOO,1
347,hsa-mir-4789,CAUGCUACGUAUGUAUACACCUGAUAUGUGUAUGUGUAAAUACAUAUCCACACACAUAGCAGGUGUAUAUAUAGGUAGCCUG,((.(((((.((((((((((((((.(((((((((((((....))))))....))))))).)))))))))))))).))))).)),GUGUAUGUGUAAAU,((((((((((....,CACAUAUACAOOOO,1
348,hsa-mir-200a,CCGGGCCCCUGUGAGCAUCUUACCGGACAGUGCUGGAUUUCCCAGCUUGACUCUAACACUGUCUGGUAACGAUGUUCAAAGGUGACCCGC,.(((((.(((.(((((((((((((((((((((((((.....)))))...........)))))))))))).)))))))).))).).)))).,UGCUGGAUUUCCCA,((((((.....))),ACGACCOOOOOGGU,1
349,hsa-mir-4783,GGGAAAGCGGAGGGCGCGCCCAGCUCCCGGGCUGAUUGCGCUAACAGUGGCCCCGGUGUUGGGGCGCGUCUGCCGCUGCCCC,(((..(((((.(((((((((((((.((.(((((.((((......))))))))).)).))).)))))))))).)))))..))),CCGGGCUGAUUGCG,(.(((((.((((..,GOCCCGGOUGACOO,1
350,hsa-mir-4633,UGGCAAGUCUCCGCAUAUGCCUGGCUAGCUCCUCCACAAAUGCGUGUGGAGGAGCUAGCCAGGCAUAUGCAGAGCGUCA,((((..(.(((.((((((((((((((((((((((((((......)))))))))))))))))))))))))).)))))))),GCUCCUCCACAAAU,(((((((((((...,CGAGGAGGUGUOOO,1
351,hsa-mir-3152,GUGCAGAGUUAUUGCCUCUGUUCUAACACAAGACUAGGCUUCCCUGUGUUAGAAUAGGGGCAAUAACUCUGCAC,((((((((((((((((((((((((((((((.(..........).)))))))))))))))))))))))))))))),ACACAAGACUAGGC,(((((.(.......,UGUGUOCOOOOOOO,1
352,hsa-mir-3180-2,GCGACGGGCGGAGCUUCCAGACGCUCCGCCCCACGUCGCAUGCGCCCCGGGAAAGCGUGGGGCGGAGCUUCCGGAGGCCCCGCCCUGC,(((..((((((.((((((.((.((((((((((((((....(.((...)).)...)))))))))))))).)).)))))).))))))))),CACGUCGCAUGCGC,(((((....(.((.,GUGCGOOOOGOGCO,1
353,hsa-mir-6856,UGGAAAAGAGAGGAGCAGUGGUGCUGUGGCAGUGGCAGAGGUCGCUACAGCCCUGUGAUCUUUCCAG,((((...((((...(((..((.((((((((...(((....))))))))))))))))..)))))))).,GCUGUGGCAGUGGC,((((((((...(((,CGACAUCGOOOCUG,1
354,hsa-mir-6833,AAACGGUGUGGAAGAUGGGAGGAGAAAAAUCCCUGUUAACUUUCUCUCUCCACUUCCUCAG,......((.(((((.((((.(((((((.............))))))).))))))))).)).,GGAGAAAAAUCCCU,(((((((.......,UCUCUUUOOOOOOO,1
355,hsa-mir-6510,AGCAGCAGGGGAGAGAGAGGAGUCCUCUAGACACCGACUCUGUCUCCUGCAGAU,....((((((((.((((.((.(((.....))).))..)))).))))))))....,AGGAGUCCUCUAGA,.((.(((.....)),OCCOCAGOOOOOCU,1
356,hsa-mir-598,GCUUGAUGAUGCUGCUGAUGCUGGCGGUGAUCCCGAUGGUGUGAGCUGGAAAUGGGGUGCUACGUCAUCGUUGUCAUCGUCAUCAUCAUCAUCCGAG,.((((((((......(((((.((((((((((..((((((((((.(((........)))..))))))))))..)))))))))).))))))))).)))),UGUGAGCUGGAAAU,((((.(((......,GCAUOUGGOOOOOO,1
357,hsa-mir-19b-1,CACUGUUCUAUGGUUAGUUUUGCAGGUUUGCAUCCAGCUGUGUGAUAUUCUGCUGUGCAAAUCCAUGCAAAACUGACUGUGGUAGUG,(((((..(((((((((((((((((((((((((..((((.............)))))))))).)).)))))))))))))))))))))),AUCCAGCUGUGUGA,(..((((.......,UOOGUCGOOOOOOO,1
358,hsa-mir-6760,CAGUGCAGGGAGAAGGUGGAAGUGCAGAGUGGGCUCACCUCUCGCCCACACUGUCCCCUUCUCCCCAG,.......(((((((((.((....((((.((((((.........)))))).)))))))))))))))...,GUGCAGAGUGGGCU,..((((.((((((.,OOUGUCOCACCCGO,1
359,hsa-mir-1252,AGAAAGAAGGAAAUUGAAUUCAUUUAGAAAAGAGAAUUCCAAAUGAGCUUAAUUUCCUUUUUUCU,(((((((((((((((((.(((((((.(((.......))).))))))).))))))))))))))))),UCAUUUAGAAAAGA,((((((.(((....,AGUAAAOCUUOOOO,1
360,hsa-mir-10400,CGGCGGCGGCGGCUCUGGGCGAGGCGGCGGGGCCUGGGCUCCCGGACGAGGCGGG,.(((..((.((.(((.....))).)).))..)))......((((.......)))),CUGGGCGAGGCGGC,(.....))).)).),GOOOOOCUCOGCOG,1
361,hsa-mir-6800,ACCUGUAGGUGACAGUCAGGGGCGGGGUGUGGUGGGGCUGGGGCUGGCCCCCUCCUCACACCUCUCCUGGCAUCGCCCCCAG,..(((..(((((..((((((((..((((((((.((((..((((....)))))))))))))))))))))))).)))))..))),GGGGCGGGGUGUGG,((((..((((((((,CCUCOOUCCACACU,1
362,hsa-mir-6807,GUGAGCCAGUGGAAUGGAGAGGCUGUGGGCAGGGGGAGAUGUGAAGGAAAGAACUAGGACCCAUUCAUCCACUGCAUUCCUGCUUGGCCCAG,.((.((((((((((((.((.((..((((((..((...................))..).)))))....)).)).)))))).)).)))).)).,GGAGAGGCUGUGGG,(.((.((..(((((,COUCOCCOOUACCC,1
363,hsa-mir-4474,UUGCCUACCUUGUUAGUCUCAUGAUCAGACACAAAUAUGGCUCUUUGUGGCUGGUCAUGAGGCUAACAAGGUAGGCAC,.(((((((((((((((((((((((((((.((((((........)))))).))))))))))))))))))))))))))).,AGACACAAAUAUGG,((.((((((.....,UCOGUGUUUOOOOO,1
364,hsa-mir-3064,GGUCUGGCUGUUGUGGUGUGCAAAACUCCGUACAUUGCUAUUUUGCCACACUGCAACACCUUACAG,.((..((.(((((((((((((((((...((.....))...))))).))))))))))))))..))..,UGUGCAAAACUCCG,(((((((((...((,ACACGUUUUOOOGU,1
365,hsa-mir-580,AUAAAAUUUCCAAUUGGAACCUAAUGAUUCAUCAGACUCAGAUAUUUAAGUUAACAGUAUUUGAGAAUGAUGAAUCAUUAGGUUCCGGUCAGAAAUU,....((((((..((((((((((((((((((((((..((((((((((.........))))))))))..))))))))))))))))))))))..)))))),CUCAGAUAUUUAAG,((((((((((....,GAGUUUAUGAOOOO,1
366,hsa-mir-6845,AACUGCGGGGCCAGAGCAGAGAGCCCUUGCACACCACCAGCCUCUCCUCCCUGUGCCCCAG,......((((((((.(..(((((...(((........))).)))))..).))).)))))..,AGAGAGCCCUUGCA,.(((((...(((..,OCUCUCOOOGACOO,1
367,hsa-mir-4650-1,UUCUGUAGAGAUUAUCAGGCCUCUUUCUACCUUCCAAGGCUCAGAAGGUAGAAUGAGGCCUGACAUAUCUGCAGGA,(((((((((.....(((((((((.((((((((((.........)))))))))).)))))))))....))))))))),CUACCUUCCAAGGC,((((((((......,GAUGGAAGOOOOOO,1
368,hsa-mir-99a,CCCAUUGGCAUAAACCCGUAGAUCCGAUCUUGUGGUGAAGUGGACCGCACAAGCUCGCUUCUAUGGGUCUGUGUCAGUGUG,..((((((((((.(((((((((..(((.((((((.((........)))))))).)))..))))))))).))))))))))..,UCUUGUGGUGAAGU,.((((((.((....,OGAACACOGCOOOO,1
369,hsa-mir-6869,GUGAGUAGUGGCGCGCGGCGGCUCGGAGUACCUCUGCCGCCGCGCGCAUCGGCUCAGCAUGC,.(((((....((((((((((((..((((...))))))))))))))))....)))))......,CGGCGGCUCGGAGU,(((((((..((((.,GCCGCCGOOUCUCO,1
370,hsa-mir-5010,GAUCCAGGGAACCCUAGAGCAGGGGGAUGGCAGAGCAAAAUUCAUGGCCUACAGCUGCCUCUUGCCAAACUGCACUGGAUUUUGUGUCUCCCAUUCCCCAGAGCUGUCUGAGGUGCUUUG,....(((((.(((.((((((.(((((((((.(((((((((((((..((.....((........))......))..)))))))))).))).)))))))))...))..)))).))).))))),CAAAAUUCAUGGCC,(((((((((..((.,GUUUUAGGUOOCGO,1
371,hsa-mir-6806,UGCUCUGUAGGCAUGAGGCAGGGCCCAGGUUCCAUGUGAUGCUGAAGCUCUGACAUUCCUGCAG,....(((((((.(((...((((((.(((..((.....))..)))..)))))).))).))))))),GCCCAGGUUCCAUG,((.(((..((....,CGOGUCOOAGOOOO,1
372,hsa-mir-6859-2,UGUGGGAGAGGAACAUGGGCUCAGGACAGCGGGUGUCAGCUUGCCUGACCCCCAUGUCGCCUCUGUAG,....(.(((((.(((((((.(((((..(((........)))..)))))..)))))))..))))).)..,CAGGACAGCGGGUG,((((..(((.....,GUCCOOUCGOOOOO,1
373,hsa-mir-6764,CUGACUCCCAGGGUCUGGUCAGAGUUGCUGAGUGGGUUGAUCUCUGGUCUUUCCUUGACAG,........(((((...((((((((..(((.....)))....))))))))...)))))....,AGAGUUGCUGAGUG,((((..(((.....,UCUCOOUGGOOOOO,1
374,hsa-mir-1277,ACCUCCCAAAUAUAUAUAUAUAUGUACGUAUGUGUAUAUAAAUGUAUACGUAGAUAUAUAUGUAUUUUUGGUGGGUUU,((((.(((((.((((((((((((.(((((((((((......))))))))))).)))))))))))).))))).))))..,UACGUAUGUGUAUA,(((((((((((...,AUGCAUAUGUAOOO,1
375,hsa-mir-10392,GCGCUUCGACGGGCUGGGCUGUGCGCCUGCGCAGUGUGGGUCGCUCCCGAUUCCCUGCCCCGGCCGGCCCCGCCUCGGCUCCGCACC,(((..((((..(((.((((((...(((.(.((((.(.((((((....))))))))))).).))))))))).)))))))...)))...,GGCUGUGCGCCUGC,(((((...(((.(.,CCGGCOOOCGGOCO,1
376,hsa-mir-548o-2,UGGUGCAAAAGUAAUUGCGGUUUUUGCCAUUAAAAGUAAUGCGGCCAAAACUGCAGUUACUUUUGCACCC,.(((((((((((((((((((((((.(((((((....))))..))).))))))))))))))))))))))).,UUUUGCCAUUAAAA,(((.(((((((...,AAAOCGGUAAUOOO,1
377,hsa-mir-5590,UUGCCAUACAUAGACUUUAUUGUGUUGAUCAACAAUAAAGUUCAUGUAUGGCAA,.((((((((((.(((((((((((........))))))))))).)))))))))).,CUUUAUUGUGUUGA,(((((((((.....,GAAAUAACAOOOOO,1
378,hsa-mir-493,CUGGCCUCCAGGGCUUUGUACAUGGUAGGCUUUCAUUCAUUCGUUUGCACAUUCGGUGAAGGUCUACUGUGUGCCAGGCCCUGUGCCAG,(((((...((((((((.((((((((((((((((((((.................)))))))))))))))))))).)))))))).))))),UUUCAUUCAUUCGU,(((((((.......,GAAGUGGOOOOOOO,1
379,hsa-mir-675,CCCAGGGUCUGGUGCGGAGAGGGCCCACAGUGGACUUGGUGACGCUGUAUGCCCUCACCGCUCAGCCCCUGGG,(((((((.((((.((((.((((((..((((((..........))))))..)))))).)))))))).))))))),CACAGUGGACUUGG,.((((((.......,OUGUCGCOOOOOOO,1
380,hsa-mir-1185-2,UUUGGUACUUAAAGAGAGGAUACCCUUUGUAUGUUCACUUGAUUAAUGGCGAAUAUACAGGGGGAGACUCUCAUUUGCGUAUCAAA,.(((((((.(((((((((..(.((((((((((((((.((........)).)))))))))))))))..))))).)))).))))))).,GUAUGUUCACUUGA,((((((((.((...,CAUAUAAGOGGOOO,1
381,hsa-mir-450b,GCAGAAUUAUUUUUGCAAUAUGUUCCUGAAUAUGUAAUAUAAGUGUAUUGGGAUCAUUUUGCAUCCAUAGUUUUGUAU,((((((((((...(((((.(((.((((((((((.........)))).)))))).))).)))))...))))))))))..,CUGAAUAUGUAAUA,((((((((......,GGUUUGUGOOOOOO,1
382,hsa-mir-3184,AAGCAAGACUGAGGGGCCUCAGACCGAGCUUUUGGAAAAUAGAAAAGUCUCGCUCUCUGCCCCUCAGCCUAACUU,(((..((.(((((((((...(((.(((((((((.........))))).)))).)))..))))))))).))..))),AGCUUUUGGAAAAU,(((((((.......,UCGAAAAOOOOOOO,1
383,hsa-mir-6808,GGGGCCAGGCAGGGAGGUGGGACCAUGGGGGCCUUGCUGUGUGACCACCGUUCCUGCAG,........((((((((((((...(((((........)))))...))))).)))))))..,GACCAUGGGGGCCU,...(((((......,OOOGUGUCOOOOOO,1
384,hsa-mir-6787,UCGGCUGGCGGGGGUAGAGCUGGCUGCAGGCCCGGCCCCUCUCAGCUGCUGCCCUCUCCAG,....((((.((((((((((((((.....(((...)))....)))))).)))))))).)))),UGGCUGCAGGCCCG,(((.....(((...,ACUOOOOOCCGOOO,1
385,hsa-mir-525,CUCAAGCUGUGACUCUCCAGAGGGAUGCACUUUCUCUUAUGUGAAAAAAAAGAAGGCGCUUCCCUUUAGAGCGUUACGGUUUGGG,(((((((((((((.(((.(((((((.((.((((((...............)))))).)).))))))).))).))))))))))))),ACUUUCUCUUAUGU,.((((((.......,OGGAAGAOOOOOOO,1
386,hsa-mir-27a,CUGAGGAGCAGGGCUUAGCUGCUUGUGAGCAGGGUCCACACCAAGUCGUGUUCACAGUGGCUAAGUUCCGCCCCCCAG,(((.((.((.(((((((((((((.(((((((.((.(........))).)))))))))))))))))))).)).)).))),GUGAGCAGGGUCCA,(((((((.((.(..,CACUUGUOCUOGOO,1
387,hsa-mir-432,UGACUCCUCCAGGUCUUGGAGUAGGUCAUUGGGUGGAUCCUCUAUUUCCUUACGUGGGCCACUGGAUGGCUCCUCCAUGUCUUGGAGUAGAUCA,(((((.(((((((.(.(((((..(((((((.(((((.(((.(((......)).).)))))))).))))))).))))).).))))))).)).))),UGGGUGGAUCCUCU,(.(((((.(((.((,GOUCACCOGGGOGA,1
388,hsa-mir-1292,CCUGGGAACGGGUUCCGGCAGACGCUGAGGUUGCGUUGACGCUCGCGCCCCGGCUCCCGUUCCAGG,(((((.((((((..((((..(.(((.((((((.....))).))))))).))))..))))))))))),GACGCUGAGGUUGC,(.(((.((((((..,COGCGOCUCCAGOO,1
389,hsa-mir-656,CUGAAAUAGGUUGCCUGUGAGGUGUUCACUUUCUAUAUGAUGAAUAUUAUACAGUCAACCUCUUUCCGAUAUCGAAUC,..((((.((((((.(((((.((((((((...((.....)))))))))).))))).)))))).))))............,GUGUUCACUUUCUA,(((((((...((..,UAUAAGUOOOAGOO,1
390,hsa-mir-6738,GAAGGCGAGGGGUAGAAGAGCACAGGGGUUCUGAUAAACCCUUCUGCCUGCAUUCUACUCCCAG,........(((((((((..(((.(((((((......))))))).))).....)))))))))...,ACAGGGGUUCUGAU,(.(((((((.....,UOUUCCCAAOOOOO,1
391,hsa-mir-548x,AGGUUAGUGCAAAAGUAAUUGCAGUUUUUGCGUUACUUUCAAUCGUAAAAACUGCAAUUACUUUCACACCAAUCU,(((((.(((..(((((((((((((((((((((...........)))))))))))))))))))))..))).))))),GUUUUUGCGUUACU,(((((((((.....,CAAAAAUGCOOOOO,1
392,hsa-mir-6804,GGAUGUGAGGGUGUCAGCAGGUGACGGUGGGGGCCACGCUGACAGCCGCACCUGCCUCUCACCCACAG,((..(((((((.....(((((((.((((...(((...)))....))))))))))))))))))))....,GGUGACGGUGGGGG,((((.((((...((,CCACOGCCGOOOUC,1
393,hsa-mir-3614,GGUUCUGUCUUGGGCCACUUGGAUCUGAAGGCUGCCCCUUUGCUCUCUGGGGUAGCCUUCAGAUCUUGGUGUUUUGAAUUCUUACU,(((((......)))))(((.((((((((((((((((((..........)))))))))))))))))).)))................,GCUGCCCCUUUGCU,((((((((......,CGAUGGGGOOOOOO,1
394,hsa-mir-6782,UGGGGUAGGGGUGGGGGAAUUCAGGGGUGUCGAACUCAUGGCUGCCACCUUUGUGUCCCCAUCCUGCAG,....((((((.((((((....((((((((.((..(....)..)).))))))))..))))))))))))..,GGGGUGUCGAACUC,((((((.((..(..,UUCCACOGUOOGOO,1
395,hsa-mir-449b,UGACCUGAAUCAGGUAGGCAGUGUAUUGUUAGCUGGCUGCUUGGGUCAAGUCAGCAGCCACAACUACCCUGCCACUUGCUUCUGGAUAAAUUCUUCU,...((.(((.(((((.(((((.(((..(((.(.((((((((.((......))))))))))))))))).)))))))))).))).))............,AGCUGGCUGCUUGG,.(.((((((((.((,OCOACCGACGAOCU,1
396,hsa-mir-4433a,CAUCCUCCUUACGUCCCACCCCCCACUCCUGUUUCUGGUGAAAUAUUCAAACAGGAGUGGGGGUGGGACAUAAGGAGGAUA,.((((((((((.(((((((((((.(((((((((..(((........))))))))))))))))))))))).)))))))))).,CUCCUGUUUCUGGU,((((((((..(((.,GAGGACAAOOACUO,1
397,hsa-mir-4786,GGGCAUGGCCUGAGACCAGGACUGGAUGCACCACUCUCCCUGUGAUGAGGUGAAGCCAGCUCUGGUCUGGGCCAUUUCAC,(((.(((((((.((((((((.((((...((((.(((.......)).).))))...)))).))))))))))))))))))..,AUGCACCACUCUCC,...((((.(((...,OOOGUGGOGAGOOO,1
398,hsa-mir-34a,GGCCAGCUGUGAGUGUUUCUUUGGCAGUGUCUUAGCUGGUUGUUGUGAGCAAUAGUAAGGAAGCAAUCAGCAAGUAUACUGCCCUAGAAGUGCUGCACGUUGUGGGGCCC,((((.(((((((((((((((..(((((((((((.((((((((((....((....)).....))))))))))))).))))))))..))))))))).))))..))..)))).,UGGUUGUUGUGAGC,((((((((....((,ACUAACGAOOOOUG,1
399,hsa-mir-2355,CAGACGUGUCAUCCCCAGAUACAAUGGACAAUAUGCUAUUAUAAUCGUAUGGCAUUGUCCUUGCUGUUUGGAGAUAAUACUGCUGAC,(((..((((.(((.((((((((((.(((((..(((((((.........))))))))))))))).))))))).))).))))..)))..,UGGACAAUAUGCUA,.(((((..((((((,OCCUGUOOUACGGU,1
400,hsa-mir-6842,AGCCCUGGGGGUGGUCUCUAGCCAAGGCUCUGGGGUCUCACCCUUGGCUGGUCUCUGCUCCGCAG,....((((((((((...((((((((((...(((....))).))))))))))...))))))).))),GCCAAGGCUCUGGG,(((((((...(((.,CGGUUCCOOOACUO,1
401,hsa-mir-4777,UAGAAUAUUUCGGCAUUCUAGAUGAGAGAUAUAUAUAUACCUCAUAUGUAUAUGGUAUACCUCAUCUAGAAUGCUGUAAUAUUCUA,(((((((((.((((((((((((((((..((((.(((((((.......)))))))))))..)))))))))))))))).))))))))),AUAUAUAUACCUCA,((.(((((((....,UGOGUAUAUGOOOO,1
402,hsa-mir-4778,UCACAUGUCCAAUUCUGUAAAGGAAGAAGAGGUAAGAAGAAGUGAAGCCCUCUUCUUCCUUUGCAGAGUUGAAUAUGUGG,.(((((((.(((((((((((((((((((((((................))))))))))))))))))))))).))))))).,GAAGAGGUAAGAAG,(((((((.......,CUUCUCCOOOOOOO,1
403,hsa-mir-301a,ACUGCUAACGAAUGCUCUGACUUUAUUGCACUACUGUACUUUACAGCUAGCAGUGCAAUAGUAUUGUCAAAGCAUCUGAAAGCAGG,.(((((..((.(((((.((((.((((((((((.((((........)).)).))))))))))....)))).))))).))..))))).,CACUACUGUACUUU,((((.((((.....,GUGAOGACGOOOOO,1
404,hsa-mir-6868,CCAGGACUGGCAGAACACUGAAGCAGCAGGCACCUGCUUCCUUCUGUUGUCUGUGCAG,......((((((((..((.((((.(((((....)))))..)))).))..))))).))),AAGCAGCAGGCACC,(((.(((((....),UUCOUCGUCOOOOG,1
405,hsa-mir-582,AUCUGUGCUCUUUGAUUACAGUUGUUCAACCAGUUACUAAUCUAACUAAUUGUAACUGGUUGAACAACUGAACCCAAAGGGUGCAAAGUAGAAACAUU,...(((((((((((....(((((((((((((((((((..............)))))))))))))))))))....))))))))))).............,AGUUACUAAUCUAA,((((((........,UCAAUGOOOOOOOO,1
406,hsa-mir-7160,UGCUGAGGUCCGGGCUGUGCCCCGUACCGGACAGGGCCCUGGCUUUAGCAGA,((((((((((.(((((.((.((......)).)).))))).))))))))))..,CUGUGCCCCGUACC,((.((.((......,GGOACOGGOOOOOO,1
407,hsa-mir-203a,GUGUUGGGGACUCGCGCGCUGGGUCCAGUGGUUCUUAACAGUUCAACAGUUCUGUAGCGCAAUUGUGAAAUGUUUAGGACCACUAGACCCGGCGGGCGCGGCGACAGCGA,.(((((..(.(.(((.(((((((((.(((((((((.((((.((((.((((((......).))))))))).)))).))))))))).))))))))).))).).)..))))).,AACAGUUCUGUAGC,(.((((((......,UOGUUAAGOOOOOO,1
408,hsa-mir-6778,GUUCAAGUGGGAGGACAGGAGGCAGGUGUGGUUGGAGGAAGCAGCCUGAACCUGCCUCCCUGACAUUCCACAG,......((((((...((((((((((((..(((((.......)))))...)))))))).))))...))))))..,GGCAGGUGUGGUUG,(((((((..(((((,CCGUCCAOOCCGAC,1
409,hsa-mir-376a-2,GGUAUUUAAAAGGUAGAUUUUCCUUCUAUGGUUACGUGUUUGAUGGUUAAUCAUAGAGGAAAAUCCACGUUUUCAGUAUC,((((((.((((.((.(((((((((.((((((((((((.....)))..)))))))))))))))))).)).)))).)))))),CUAUGGUUACGUGU,((((((((((((..,GAUACUAAUGUAOO,1
410,hsa-mir-195,AGCUUCCCUGGCUCUAGCAGCACAGAAAUAUUGGCACAGGGAAGCGAGUCUGCCAAUAUUGGCUGUGCUGCUCCAGGCAGGGUGGUG,.(((.(((((.((..((((((((((.((((((((((..((........))))))))))))..))))))))))..)).))))).))).,UAUUGGCACAGGGA,((((((((..((..,AUAACCGUOOCUOO,1
411,hsa-mir-4740,GCCAAGGACUGAUCCUCUCGGGCAGGGAGUCAGAGGGGACCGCCCGAGAGGAUCCGUCCCUGC,..((.((((.(((((((((((((.((...((....))..))))))))))))))).)))).)).,GGGCAGGGAGUCAG,((((.((...((..,CCCGOCCOOOGGOO,1
412,hsa-mir-374a,UACAUCGGCCAUUAUAAUACAACCUGAUAAGUGUUAUAGCACUUAUCAGAUUGUAUUGUAAUUGUCUGUGUA,(((((.(((.((((((((((((.(((((((((((....))))))))))).)))))))))))).))).))))),AUAAGUGUUAUAGC,((((((((....)),UAUUCACGOOOOUG,1
413,hsa-mir-6818,CUAUUUUGUGUGAGUACAGAGAGCAUCUGAAUGGGUACAGUUGUUGUCUCUUGUUCCUCACACAG,......((((((((.((((((((((.(((........))).)))..)))).)))..)))))))).,GAGCAUCUGAAUGG,(((((.(((.....,CUUGUOGACOOOOO,1
414,hsa-mir-6799,GAGGAGGGGAGGUGUGCAGGGCUGGGGUCACUGACUCUGCUUCCCCUGCCCUGCAUGGUGUCCCCACAG,.....((((((.((((((((((.((((...............)))).)))))))))).).)))))....,GGGCUGGGGUCACU,((((.((((.....,CCCGOCCCCOOOOO,1
415,hsa-mir-25,GGCCAGUGUUGAGAGGCGGAGACUUGGGCAAUUGCUGGACGCUGCCCUGGGCAUUGCACUUGUCUCGGUCUGACAGUGCCGGCC,((((.((((((..((((.(((((..(.(((((..((((........))))..))))).)..))))).))))..)))))).)))),GCAAUUGCUGGACG,(((((..((((...,CGUUAOOGGUCOOO,1
416,hsa-mir-105-2,UGUGCAUCGUGGUCAAAUGCUCAGACUCCUGUGGUGGCUGCUUAUGCACCACGGAUGUUUGAGCAUGUGCUAUGGUGUCUA,...(((((((((.((.((((((((((..((((((((..........))))))))..)))))))))).)))))))))))...,CUGUGGUGGCUGCU,((((((((......,GGCACCACOOOOOO,1
417,hsa-mir-4436b-1,GUGUCCUCACUUGUCCACUUCUGCCUGCCCUGCCCAAAUGGUGGAGCAGAUUCGAGGGGCAGGGCAGGAAGAAGUGGACAAGUGAGGCCAU,(((.((((((((((((((((((.((((((((((((......((((.....))))..)))))))))))).)))))))))))))))))).))),CCCUGCCCAAAUGG,((((((((......,GGGACGGGOOOOOO,1
418,hsa-mir-6792,GUAAGCAGGGGCUCUGGGUGAUGUGAGGAGCAACAGGCACCCUCCUCCACAGCCCCUGCUCAUUCCU,...((((((((((.((((....(.((((.((.....))..))))))))).)))))))))).......,UGGGUGAUGUGAGG,((((....(.((((,ACCUOOOOCOCUCC,1
419,hsa-mir-10396a,GGCGGGGCUCGGAGCCGGGCUUCGGCCGGGCCCCGGGCCCUCGACCGGG,((((((((((((.(((.(((....))).))).)))))))).)).))...,AGCCGGGCUUCGGC,.(((.(((....)),OCGGOCCGOOOOCG,1
420,hsa-mir-6883,CAGACAGGGAGGGUGUGGUAUGGAUGUGUUGACCCCUGAAGUGGUUCUGAUGACCUUUCCCUAUCUCACUCUCCUCAG,......(((((((((.((((.(((...(((((((........)))).....)))...))).)))).)))))))))...,UGGAUGUGUUGACC,.(((...(((((((,OCCUOOOCAGUUGG,1
421,hsa-mir-6837,GUGGGACCAGGGCCAGCAGGGAAUGUCAGGGCCACCCCUGACCUUCACUGUGACUCUGCUGCAG,((((...(((((...((((.(((.(((((((....))))))).))).))))..)))))))))..,GGAAUGUCAGGGCC,.(((.(((((((..,OCUUOCAGUCCCOO,1
422,hsa-mir-561,CUUCAUCCACCAGUCCUCCAGGAACAUCAAGGAUCUUAAACUUUGCCAGAGCUACAAAGGCAAAGUUUAAGAUCCUUGAAGUUCCUGGGGGAACCAU,.............((((((((((((.(((((((((((((((((((((...........))))))))))))))))))))).)))))))))))).....,CUUUGCCAGAGCUA,(((((((.......,GAAACGGOOOOOOO,1
423,hsa-mir-4753,AUAUCUACACAAGGCCAAAGGAAGAGAACAGAUAUAUCCACAGUACACUUGGCUGUUCUCUUUCUUUAGCCUUGUGUAGAUAU,(((((((((((((((.(((((((((((((((......(((.((....)))))))))))))))))))).))))))))))))))),AGAACAGAUAUAUC,(((((((......(,UCUUGUCOOOOOOG,1
424,hsa-mir-615,CUCGGGAGGGGCGGGAGGGGGGUCCCCGGUGCUCGGAUCUCGAGGGUGCUUAUUGUUCGGUCCGAGCCUGGGUCUCCCUCUUCCCCCCAACCCCCC,...(((..(((.((((((((((..(((((.((((((((..((((.(.......).)))))))))))))))))...)))))))))))))..)))...,UCGGAUCUCGAGGG,((((((..((((.(,AGCCUGOOGCUUOU,1
425,hsa-mir-3156-1,GCAGAAGAAAGAUCUGGAAGUGGGAGACACUUUUACUAUAUAUAGUGGCUCCCACUUCCAGAUCUUUCUCUCUGU,((((((((((((((((((((((((((.((((............)))).))))))))))))))))))))).))))),GGAGACACUUUUAC,((((.((((.....,CCUCOGUGAOOOOO,1
426,hsa-mir-4720,AAGCCUGGCAUAUUUGGUAUAACUUAAGCACCAGGUAAAAUCUGGUGCUUAAGUUGUACCAAGUAUAGCCAAGUUU,((((.(((((((((((((((((((((((((((((((...))))))))))))))))))))))))))).)))).)))),AUAACUUAAGCACC,((((((((((((((,UGUUGAAUUCGUGG,1
427,hsa-mir-10394,UCUGCAGGUCCUGGUGAACGCCAUCAUCAACAGUGGUCCCCGGGAGGACUCCACACGCAUUGGGCGCGCCGGGACUGUGAGAC,(((...((((((((((..((((..((......((((...((....))...))))......))))))))))))))))...))).,ACGCCAUCAUCAAC,.((((..((.....,OGCGGOOGUOOOOO,1
428,hsa-mir-149,GCCGGCGCCCGAGCUCUGGCUCCGUGUCUUCACUCCCGUGCUUGUCCGAGGAGGGAGGGAGGGACGGGGGCUGUGCUGGGGCAGCUGGA,.(((((((((.(((.(.(.((((((.(((((.(((((.(.(((....))).))))))))))).)))))).).).))).)))).))))).,CACUCCCGUGCUUG,(.(((((.(.(((.,GOGAGGGOAOGAGO,1
429,hsa-mir-1233-2,GUGAGUGGGAGGCCAGGGCACGGCAGGGGGAGCUGCAGGGCUAUGGGAGGGGCCCCAGCGUCUGAGCCCUGUCCUCCCGCAG,....((((((((.((((((........(((.((((..(((((........))))))))).)))..)))))).))))))))..,CACGGCAGGGGGAG,(........(((.(,GOOOOOOOOUCUOC,1
430,hsa-mir-499a,GCCCUGUCCCCUGUGCCUUGGGCGGGCGGCUGUUAAGACUUGCAGUGAUGUUUAACUCCUCUCCACGUGAACAUCACAGCAAGUCUGUGCUGCUUCCCGUCCCUACGCUGCCUGGGCAGGGU,(((((((((.....((...(((((((.(((.((..((((((((.((((((((((.............)))))))))).))))))))..)).))).)))).)))...)).....))))))))),GAUGUUUAACUCCU,((((((((......,CUACAAGUOOOOOO,1
431,hsa-mir-23a,GGCCGGCUGGGGUUCCUGGGGAUGGGAUUUGCUUCCUGUCACAAAUCACAUUGCCAGGGAUUUCCAACCGACC,((.(((.((((((((((((.((((.((((((..........)))))).)))).))))))).))))).))).)),GGGAUUUGCUUCCU,(.((((((......,COCUAAACOOOOOO,1
432,hsa-mir-551b,AGAUGUGCUCUCCUGGCCCAUGAAAUCAAGCGUGGGUGAGACCUGGUGCAGAACGGGAAGGCGACCCAUACUUGGUUUCAGAGGCUGUGAGAAUAA,........((((.(((((..((((((((((.((((((....((((........))))......)))))).))))))))))..))))).))))....,UGAGACCUGGUGCA,(....((((.....,AOOOOGGGCOOOOO,1
433,hsa-mir-550a-3,GAUGCUUUGCUGGCUGGUGCAGUGCCUGAGGGAGUAAGAGUCCUGUUGUUGUAAGAUAGUGUCUUACUCCCUCAGGCACAUCUCCAACAAGUCUC,...(((.....)))(((.(..((((((((((((((((((...(((((.......)))))..))))))))))))))))))..).))).........,GUAAGAGUCCUGUU,((((((...(((((,CAUUCUOOOGAUAG,1
434,hsa-mir-450a-2,CCAAAGAAAGAUGCUAAACUAUUUUUGCGAUGUGUUCCUAAUAUGUAAUAUAAAUGUAUUGGGGACAUUUUGCAUUCAUAGUUUUGUAUCAAUAAUAUGG,.........(((((.(((((((...(((((.(((((((((((((((.......))))))))))))))).)))))...))))))).)))))..........,CUAAUAUGUAAUAU,(((((((((.....,GGUUAUGUAOOOOO,1
435,hsa-mir-1911,UCGGCAUCUGCUGAGUACCGCCAUGUCUGUUGGGCAUCCACAGUCUCCCACCAGGCAUUGUGGUCUCCGCUGACGCUUUG,..(((.((.((.(((.(((((.(((((((.((((...(....)...)))).))))))).)))))))).)).)).)))...,UGUUGGGCAUCCAC,((.((((...(...,ACOACCCOOOGOOO,1
436,hsa-mir-548aq,GAAAGUAAUUGCUGUUUUUGCCAUUACUUUCAGUGGCAAAAACUGCAAUUACUUUUGC,((((((((((((.((((((((((((......)))))))))))).))))))))))))..,UUUUGCCAUUACUU,((((((((((....,AAAACGGUGAOOOO,1
437,hsa-mir-664b,UGGGCUAAGGGAGAUGAUUGGGUAGAAAGUAUUAUUCUAUUCAUUUGCCUCCCAGCCUACA,((((((..(((((.(((.(((((((((.......))))))))).))).)))))))))))..,UUGGGUAGAAAGUA,.(((((((((....,OACUUAUCUUOOOO,1
438,hsa-mir-10b,CCAGAGGUUGUAACGUUGUCUAUAUAUACCCUGUAGAACCGAAUUUGUGUGGUAUCCGUAUAGUCACAGAUUCGAUUCUAGGGGAAUAUAUGGUCGAUGCAAAAACUUCA,...((((((....(((((.((((((((.((((.(((((.((((((((((.(.(((....))).))))))))))).))))))))).)))))))).)))))....)))))).,AUUUGUGUGGUAUC,(((((((.(.(((.,UAGACACOUOAUAO,1
439,hsa-mir-1185-1,UUUGGUACUUGAAGAGAGGAUACCCUUUGUAUGUUCACUUGAUUAAUGGCGAAUAUACAGGGGGAGACUCUUAUUUGCGUAUCAAA,.(((((((.(((((((((..(.((((((((((((((.((........)).)))))))))))))))..))))).)))).))))))).,GUAUGUUCACUUGA,((((((((.((...,CAUAUAAGOGGOOO,1
440,hsa-mir-6772,AGGCCUGGGUGUAGGCUGGAGCUGAGGACUGAGGCUCACCUUGCUCCUGACUCUGUGCCCACAG,.....(((((((((((.(((((.((((..(((...)))))))))))).).).)))))))))...,GCUGAGGACUGAGG,((.((((..(((..,CGOUUCCOOACUOO,1
441,hsa-mir-4436b-2,GUGUCCUCACUUGUCCACUUCUGCCUGCCCUGCCCAAAUGGUGGAGCAGAUUCGAGGGGCAGGGCAGGAAGAAGUGGACAAGUGAGGCCAU,(((.((((((((((((((((((.((((((((((((......((((.....))))..)))))))))))).)))))))))))))))))).))),CCCUGCCCAAAUGG,((((((((......,GGGACGGGOOOOOO,1
442,hsa-mir-548ay,AGAAGAUGCUUACUACUAGGUUGGUGCAAAAGUAAUUGUGGUUUUUGCAUUUAAAGUAAUGGCCAAAACCGCGAUUACUCUUGCACGAACCUAACGGUAACACUUCU,(((((.((.(((((..((((((.((((((.(((((((((((((((.((..(((...)))..)).))))))))))))))).)))))).))))))..)))))))))))),UUUUUGCAUUUAAA,((((.((..(((..,AAAAOCGOOAAUOO,1
443,hsa-mir-1271,CACCCAGAUCAGUGCUUGGCACCUAGCAAGCACUCAGUAAAUAUUUGUUGAGUGCCUGCUAUGUGCCAGGCAUUGUGCUGAGGGCU,..(((((..(((((((((((((.(((((.(((((((((((....))))))))))).))))).)))))))))))))..))).))...,GCACUCAGUAAAUA,(((((((((((...,CGUGAGUUGUUOOO,1
444,hsa-mir-6892,GUAAGGGACCGGAGAGUAGGAAAAGCAGGGCUCAGGGCCAGAGAGACUGGGCAUAGAACUAAGGAGGAUGGUGUCCUCCUGACUGCAUCUCUCUUCCCUCUCCCACCCCUUGCAG,(((((((...((((((..((((.((.(((...((((.((((.....)))).).........((((((((...))))))))..)))..))))).))))))))))...)))))))..,AGUAGGAAAAGCAG,((..((((.((.((,UCOOCCUUOUCOUC,1
445,hsa-mir-2114,CCUCCAUGCUCCUAGUCCCUUCCUUGAAGCGGUCGGAUAAUCACAUGACGAGCCUCAAGCAAGGGACUUCAAGCUGGUGG,((.(((.(((...((((((((.(((((.((.((((..........))))..)).))))).))))))))...)))))).)),AGCGGUCGGAUAAU,.((.((((......,OCGOCAGUOOOOOO,1
446,hsa-mir-3692,CCAUUCCUGCUGGUCAGGAGUGGAUACUGGAGCAAUAGAUACAGUUCCACACUGACACUGCAGAAGUGG,(((((.((((.((((((..(((((.((((............))))))))).))))).).)))).))))),GAUACUGGAGCAAU,((.((((.......,CUOUGACOOOOOOO,1
447,hsa-mir-6781,AACCCCGGGCCGGAGGUCAAGGGCGUCGCUUCUCCCUAAUGUUGCCUCUUUUCCACGGCCUCAG,......((((((..((..(((((((..((...........)))))).)))..)).))))))...,AGGGCGUCGCUUCU,((((((..((....,UCCCGUOOUGOOOO,1
448,hsa-mir-203b,GCGCCCGCCGGGUCUAGUGGUCCUAAACAUUUCACAAUUGCGCUACAGAACUGUUGAACUGUUAAGAACCACUGGACCCAGCGCGC,((((..((.((((((((((((.((.((((.((((((.((.(......))).)).)))).)))).)).)))))))))))).)))))),UUUCACAAUUGCGC,.((((((.((.(..,OAAGUGUOAAOGOO,1
449,hsa-mir-548au,AAAAGUAAUUGCGGUUUUUGCUAUUGGUUUUAAUGGCAGUUACUUUUGCACCAG,((((((((((((.(((...(((...)))...))).)))))))))))).......,UUUUUGCUAUUGGU,((...(((...))),AAOOOUGGOOOUCG,1
450,hsa-mir-1912,CUCUAGGAUGUGCUCAUUGCAUGGGCUGUGUAUAGUAUUAUUCAAUACCCAGAGCAUGCAGUGUGAACAUAAUAGAGAUU,(((((..((((.(.(((((((((..(((.((((.(.......).)))).)))..))))))))).).))))..)))))...,GUGUAUAGUAUUAU,(.((((.(......,COCAUAOCOOOOOO,1
451,hsa-mir-1306,GUGAGCAGUCUCCACCACCUCCCCUGCAAACGUCCAGUGGUGCAGAGGUAAUGGACGUUGGCUCUGGUGGUGAUGGACAGUCCGA,.((.((.((((.(((((((......((.((((((((.((.(.....).)).)))))))).))...)))))))..)))).)).)).,ACGUCCAGUGGUGC,(((((((.((.(..,UGCAGGUOAUOGOO,1
452,hsa-mir-6876,AGUUGCAGGAAGGAGACAGGCAGUUCAGGAGGUGGCACUGCUGUGUGUGAGCUGUCUGUGUUUUCCUUCUCAG,.......((((((((((((((((((((.(....(((...)))...).))))))))))))...))))))))...,CAGUUCAGGAGGUG,(((((((.(....(,GUCGAGUOUOOOOU,1
453,hsa-mir-181b-1,CCUGUGCAGAGAUUAUUUUUUAAAAGGUCACAAUCAACAUUCAUUGCUGUCGGUGGGUUGAACUGUGUGGACAAGCUCACUGAACAAUGAAUGCAACUGUGGCCCCGCUU,.........................(((((((.....(((((((((...((((((((((....(((....))))))))))))).)))))))))....)))))))......,GGUGGGUUGAACUG,((((((((....((,UCACUCGAOOOOAC,1
454,hsa-mir-197,GGCUGUGCCGGGUAGAGAGGGCAGUGGGAGGUAAGAGCUCUUCACCCUUCACCACCUUCUCCACCCAGCAUGGCC,((((((((.((((.(((((((..(((((.((((((....))).))).)))))..))))))).)))).)))))))),UGGGAGGUAAGAGC,((((.((((((...,ACUUOCCAUUCOOO,1
455,hsa-mir-296,AGGACCCUUCCAGAGGGCCCCCCCUCAAUCCUGUUGUGCCUAAUUCAGAGGGUUGGGUGGAGGCUCUCCUGAAGGGCUCU,.(((((((((..(((((((.((.(((((((((.(((.........)))))))))))).)).)))))))..)))))).))),AUCCUGUUGUGCCU,(((((.(((.....,UGGGAOGACOOOOO,1
456,hsa-mir-1343,GCUGGCGUCGGUGCUGGGGAGCGGCCCCCGGGUGGGCCUCUGCUCUGGCCCCUCCUGGGGCCCGCACUCUCGCUCUGGGCCCGC,((.(((.((((.((.((((.((((.(((((((.(((((........)))))..))))))).)))).)))).)).))))))).)),GGGUGGGCCUCUGC,(((.(((((.....,UCCOCCCGGOOOOO,1
457,hsa-mir-6850,GUGCGGAACGCUGGCCGGGGCGGGAGGGGAAGGGACGCCCGGCCGGAACGCCGCACUCACG,((((((....(((((((((.((.............)))))))))))....)))))).....,CGGGGCGGGAGGGG,((((.((.......,GCCCOGCOOOOOOO,1
458,hsa-mir-6502,CAGAGUGGGAGCUCUAGAAAGAUUGUUGACCAAUCAUCUUAUUGACUAGACCAUCUUUCUAGAGUAUAACUAUUUU,.(((((((..(((((((((((((.(((...((((......))))....))).)))))))))))))....))))))),GUUGACCAAUCAUC,(((...((((....,CAGOOOGUUAOOOO,1
459,hsa-mir-3160-2,ACCUGCCCUGGGCUUUCUAGUCUCAGCUCUCCUGACCAGCUGAGCUGGAGGAGAGCUGAGACUAGAAAGCCCAGGGCAGGU,(((((((((((((((((((((((((((((((((..(((((...)))))))))))))))))))))))))))))))))))))),GCUCUCCUGACCAG,((((((((..((((,CGAGAGGAOOGGUC,1
460,hsa-mir-4659b,CUGUUGACGUUGCCAUGUCUAAGAAGAAAAUUUUUCUCCAAAGUUUUCUUCUUAGACAUGGCAGCUUCAGCAG,(((((((.((((((((((((((((((((((((((.....)))))))))))))))))))))))))).))))))),AGAAGAAAAUUUUU,(((((((((((((.,UCUUCUUUUGAAAO,1
461,hsa-mir-548am,AGUUGGUGCAAAAGUAAUUGCGGUUUUUGCCGUCGAAAAUAAUGGCAAAAACUGCAGUUACUUUUGUACCAAUG,.((((((((((((((((((((((((((((((((........)))))))))))))))))))))))))))))))).,UUUUGCCGUCGAAA,(((((((((.....,AAAACGGUAOOOOO,1
462,hsa-mir-6770-3,UAUCCUGAGAAGGCACAGCUUGCACGUGACCUCCUGGGCCUGGCGGCUGUGUCUUCACAG,....(((.((((((((((((.((.((.(.((....)).).)))))))))))))))).))),CACGUGACCUCCUG,(.((.(.((....),GOGUOCOGGOOOOC,1
463,hsa-mir-548az,AGAUUGUAUUAGGUUGGUGCAAAAGUGAUUGUGGUUUUUGCUGUUACUUUUAAUGGCAAAAACUGCAAUCACUUUUGCACCAACCUAAUAAAUUU,.((((.((((((((((((((((((((((((((((((((((((((((....)))))))))))))))))))))))))))))))))))))))))))).,UUUUUGCUGUUACU,((((((((((((..,AAAAACGGUAAUOO,1
464,hsa-mir-19a,GCAGUCCUCUGUUAGUUUUGCAUAGUUGCACUACAAGAAGAAUGUAGUUGUGCAAAUCUAUGCAAAACUGAUGGUGGCCUGC,((((.((.(((((((((((((((((((((((((((.......))))...))))))..))))))))))))))))).)).)))),CACUACAAGAAGAA,(((((((.......,GUGAUGUOOOOOOO,1
465,hsa-mir-6750,GCUGUCAGGGAACAGCUGGGUGAGCUGCUGCCCCAGAGGCCCAGCAGGUGUCCAGAACUCACCCUCUGCUCCCAG,.......((((.(((..(((((((((((((..((...))..))))))..........))))))).))).))))..,AGCUGCUGCCCCAG,((((((((..((..,UCGACGACOOGGOO,1
466,hsa-mir-129-1,GGAUCUUUUUGCGGUCUGGGCUUGCUGUUCCUCUCAACAGUAGUCAGGAAGCCCUUACCCCAAAAAGUAUCU,(((((((((((.(((..((((((.(((..(..((....))..).))).))))))..))).))))))).)))),GGCUUGCUGUUCCU,(((((.(((..(..,CCGAAOGACOOGOO,1
467,hsa-mir-627,UACUUAUUACUGGUAGUGAGUCUCUAAGAAAAGAGGAGGUGGUUGUUUUCCUCCUCUUUUCUUUGAGACUCACUACCAAUAAUAAGAAAUACUACUA,..(((((((.((((((((((((((.((((((((((((((.((....)).)))))))))))))).)))))))))))))).)))))))...........,AAGAGGAGGUGGUU,(((((((((.((..,UUCUCCUCCOUUOO,1
468,hsa-mir-503,UGCCCUAGCAGCGGGAACAGUUCUGCAGUGAGCGAUCGGUGCUCUGGGGUAUUGUUUCCGCUGCCAGGGUA,((((((.((((((((((((((.((.((..(((((.....))))))).)).)))))))))))))).)))))),UCUGCAGUGAGCGA,.((.((..(((((.,OGGOGUOOCUCGUO,1
469,hsa-mir-6811,UAUGCAGGCCUGUGUACAGCACUCAGGCAGUGCCAUGAGCCUGUGCUUGUCCCUGCAG,..((((((.....((((((..(((((((...))).)))).)))))).....)))))).,CAGCACUCAGGCAG,(((..(((((((..,GUCOOGAGUCCGOO,1
470,hsa-mir-628,AUAGCUGUUGUGUCACUUCCUCAUGCUGACAUAUUUACUAGAGGGUAAAAUUAAUAACCUUCUAGUAAGAGUGGCAGUCGAAGGGAAGGGCUCAU,........((.(((.((((((...((((.(((.(((((((((((((..........))))))))))))).))).))))....))))))))).)).,CUAGAGGGUAAAAU,(((((((((.....,GAUCUUCCAOOOOO,1
471,hsa-mir-1285-1,UGUAGAGAUAGGAUCUCACUUUGUUGCCCAGGCUGGUCUCAAACUCCUGGUCUGGGCAACAAAGUGAGACCUUAUCUCUACAAG,((((((((((((.(((((((((((((((((((((((..........))))))))))))))))))))))).))))))))))))..,GCCCAGGCUGGUCU,(((((((((((...,CGGGUCUGGUCOOO,1
472,hsa-mir-3186,AGCCUGCGGUUCCAACAGGCGUCUGUCUACGUGGCUUCAACCAAGUUCAAAGUCACGCGGAGAGAUGGCUUUGGAACCAGGGGCU,(((((..((((((((.((.(((((.(((.((((((((.(((...)))..)))))))).))).))))).))))))))))..))))),GUGGCUUCAACCAA,(((((((.(((...,CACUGAAOUUGOOO,1
473,hsa-mir-6726,GGGGGCGGGAGCUGGGGUCUGCAGGUUCGCACUGAUGCCUGCUCGCCCUGUCUCCCGCUAG,...((((((((.((((((..((((((((.....)).))))))..)))))).))))))))..,UGCAGGUUCGCACU,.((((((((.....,OCGUCCGAGOOOOO,1
474,hsa-mir-6759,UAUUGUUGUGGGUGGGCAGAAGUCUGUUUUCUUCAUGGUUUUCUGACCUUUGCCUCUCCCCUCAG,......((.(((.(((((((.(((.(....((....))....).))).)))))))...))).)).,AGUCUGUUUUCUUC,.(((.(....((..,OCAGOCOOOOGGOO,1
475,hsa-mir-518c,GCGAGAAGAUCUCAUGCUGUGACUCUCUGGAGGGAAGCACUUUCUGUUGUCUGAAAGAAAACAAAGCGCUUCUCUUUAGAGUGUUACGGUUUGAGAAAAGC,.........(((((.((((((((.((((((((((((((.(((..((((.(((...))).))))))).)))))))))))))).)))))))).))))).....,CUUUCUGUUGUCUG,(((..((((.(((.,GAAOOACAAOAGAO,1
476,hsa-mir-3619,ACGGCAUCUUUGCACUCAGCAGGCAGGCUGGUGCAGCCCGUGGUGGGGGACCAUCCUGCCUGCUGUGGGGUAAGGACGGCUGU,(((((.(((((((.(((((((((((((.((((.(..(((.....)))).)))).))))))))))).)).)))))))..))))),GUGCAGCCCGUGGU,((.(..(((.....,CAOGOOGGGOOOOO,1
477,hsa-mir-1199,AGCCUGCGCCGGAGCCGGGGCCUGAGCCCGGGCCGCGCAGGCCGUGAACUCGUCGAGCUGCGCGUGCGGCCGGUGCUCAACCUGCCGGGUCCUGGCCCCGCGCUCCCGCGCGCCCUGGA,..(((((((.((((((((((((.(.((((..(((((((((..((((....)).))..))))))).))(((.(((.....))).))))))).).))))))).))))).)))))....)).,CGCGCAGGCCGUGA,(((((((..((((.,GCGCGUCOOGCGCO,1
478,hsa-mir-3617,AGGUCAUAGAAAGACAUAGUUGCAAGAUGGGAUUAGAAACCAUAUGUCUCAUCAGCACCCUAUGUCCUUUCUCUGCCCU,(((.((.((((((((((((.(((..((((((((............)))))))).)))..)))))).)))))).)).))),AGAUGGGAUUAGAA,.((((((((.....,OCUACUCUGOOOOO,1
479,hsa-mir-1301,GGAUUGUGGGGGGUCGCUCUAGGCACCGCAGCACUGUGCUGGGGAUGUUGCAGCUGCCUGGGAGUGACUUCACACAGUCCUC,((((((((.(((((((((((((((((.((((((((.......)).)))))).).))))).))))))))))).))))))))..,CGCAGCACUGUGCU,.((((((((.....,OCGUUGUGGOOOOO,1
480,hsa-mir-29b-1,CUUCAGGAAGCUGGUUUCAUAUGGUGGUUUAGAUUUAAAUAGUGAUUGUCUAGCACCAUUUGAAAUCAGUGUUCUUGGGGG,(((((((((((((((((((.((((((..((((((.............)))))))))))).)))))))))).))))))))).,GUUUAGAUUUAAAU,..((((((......,OOGAUCUGOOOOOO,1
481,hsa-mir-3085,CCCUACUCUGGGAAGGUGCCAUUCUGAGGGCCAGGAGUUUGAUUAUGUGUCACUCUGGCUGCUAUGGCCCCCUCCCAGGGUCUGG,((..(((((((((.((.(((((......((((((.(((..(((.....))))))))))))...))))).)).)))))))))..)),CAGGAGUUUGAUUA,(((.(((..(((..,GUCOUCAOOCUGOO,1
482,hsa-mir-6861,GAGGCACUGGGUAGGUGGGGCUCCAGGGCUCCUGACACCUGGACCUCUCCUCCCCAGGCCCACA,(.(((.(((((.(((.((((.((((((..........)))))))))).))).)))))))))...,CUCCAGGGCUCCUG,.((((((.......,OAGGUCCOOOOOOO,1
483,hsa-mir-208b,CCUCUCAGGGAAGCUUUUUGCUCGAAUUAUGUUUCUGAUCCGAAUAUAAGACGAACAAAAGGUUUGUCUGAGGGCAG,.((((((((.((((((((((.(((..((((((((.......))))))))..))).)))))))))).))))))))...,AUUAUGUUUCUGAU,.((((((((.....,OAAUAUAAGOOOOO,1
484,hsa-mir-10393,AGAAUUCUCUUAUCCAACAUCAACAUCUUGGUCAGAUUUGAACUCUUCAA,(((.((((((...((((..........))))..)))...))).)))....,AUCAACAUCUUGGU,.........)))).,OOOOOOOOOAACCO,1
485,hsa-mir-135a-2,AGAUAAAUUCACUCUAGUGCUUUAUGGCUUUUUAUUCCUAUGUGAUAGUAAUAAAGUCUCAUGUAGGGAUGGAAGCCAUGAAAUACAUUGUGAAAAAUCA,.(((...(((((....(((.((((((((((((.((((((((((((.(.(.....).).)))))))))))))))))))))))).)))...)))))..))).,UAUGUGAUAGUAAU,(((((((.(.(...,AUGUACUOUOAOOO,1
486,hsa-mir-92a-1,CUUUCUACACAGGUUGGGAUCGGUUGCAAUGCUGUGUUUCUGUAUGGUAUUGCACUUGUCCCGGCCUGUUGAGUUUGG,....((..((((((((((((.(((.(((((((((((......)))))))))))))).))))))))))))..)).....,CAAUGCUGUGUUUC,((((((((((....,GUUAUGGUAUOOOO,1
487,hsa-mir-6763,UUCUCCUGGGGAGUGGCUGGGGAGCAGACAGACCCAACCUCAUGCUCCCCGGCCUCUGCCCCCAG,.....((((((((.((((((((((((...((.......))..)))))))))))).))..)))))),UGGGGAGCAGACAG,(((((((((...((,GCCCCUCGUOOOUC,1
488,hsa-mir-6507,GGAGGGAAGAAUAGGAGGGACUUUGUAUUGUGGUUCAGUACCAUGCAAAGUCCUUCCUAUUUUUCCCUCC,((((((((((((((((((((((((((...(((((.....))))))))))))))))))))))))))))))),ACUUUGUAUUGUGG,(((((((...((((,UGAAACGOOOUACC,1
489,hsa-mir-6882,GGCUUUACAAGUCAGGAGCUGAAGCAGCUGGAAUUCAAGCCCUGCUGCCUCUCCUCUUGCCUGCAG,.........((.((((((..((.(((((.((.........)).))))).))..)))))).))....,GAAGCAGCUGGAAU,((.(((((.((...,CUOCGUCGOCCOOO,1
490,hsa-mir-3157,GGGAAGGGCUUCAGCCAGGCUAGUGCAGUCUGCUUUGUGCCAACACUGGGGUGAUGACUGCCCUAGUCUAGCUGAAGCUUUUCCC,(((((((((((((((.(((((((.((((((.((((((((....))).)))))...)))))).))))))).))))))))))))))),GCAGUCUGCUUUGU,((((((.(((((((,CGUCAGOUGGGGCA,1
491,hsa-mir-3922,GGAAGAGUCAAGUCAAGGCCAGAGGUCCCACAGCAGGGCUGGAAAGCACACCUGUGGGACUUCUGGCCUUGACUUGACUCUUUC,(((((((((((((((((((((((((((((((((....(((....)))....))))))))))))))))))))))))))))))))),CACAGCAGGGCUGG,(((((....(((..,GUGUCOOOOCGAOO,1
492,hsa-mir-653,UUCAUUCCUUCAGUGUUGAAACAAUCUCUACUGAACCAGCUUCAAACAAGUUCACUGGAGUUUGUUUCAAUAUUGCAAGAAUGAUAAGAUGGAAGC,.((((((...((((((((((((((.(((((.(((((.............))))).))))).))))))))))))))...))))))............,UCUACUGAACCAGC,((((.(((((....,AGGUOACUUGOOOO,1
493,hsa-mir-6885,CCUGGAGGGGGGCACUGCGCAAGCAAAGCCAGGGACCCUGAGAGGCUUUGCUUCCUGCUCCCCUAG,.....(((((((((..(.(.(((((((((((((...)))....)))))))))))))))))))))..,CAAAGCCAGGGACC,((((((((((...),GUUUCGGUCCOOOG,1
494,hsa-mir-23b,CUCAGGUGCUCUGGCUGCUUGGGUUCCUGGCAUGCUGAUUUGUGACUUAAGAUUAAAAUCACAUUGCCAGGGAUUACCACGCAACCACGACCUUGGC,.(((((.(.(((((.(((.(((((((((((((((.((((((..............)))))))).))))))))))..))).))).))).)))))))).,CUGAUUUGUGACUU,.((((((.......,OACUAAAOOOOOOO,1
495,hsa-mir-3180-1,CAGUGCGACGGGCGGAGCUUCCAGACGCUCCGCCCCACGUCGCAUGCGCCCCGGGAAAGCGUGGGGCGGAGCUUCCGGAGGCCCCGCCCUGCUG,....(((..((((((.((((((.((.((((((((((((((....(.((...)).)...)))))))))))))).)).)))))).)))))))))..,CACGUCGCAUGCGC,(((((....(.((.,GUGCGOOOOGOGCO,1
496,hsa-mir-506,GCCACCACCAUCAGCCAUACUAUGUGUAGUGCCUUAUUCAGGAAGGUGUUACUUAAUAGAUUAAUAUUUGUAAGGCACCCUUCUGAGUAGAGUAAUGUGCAACAUGGACAACAUUUGUGGUGGC,((((((((...........(((((((((.(((.((((((((((.(((((..((((.(((((....)))))))))))))).)))))))))).)))...))).)))))).........)))))))),UACUUAAUAGAUUA,..((((.(((((..,OOGAAUOGUUUAOO,1
497,hsa-mir-3117,CCCUAAAGGGCCAGACACUAUACGAGUCAUAUAAGGGAAGGCAUUAUAGGACUCAUAUAGUGCCAGGUGUUUUGUGGG,((((((((.(((.(.(((((((.(((((.(((((.(.....).))))).))))).))))))).).))).))))).))),GUCAUAUAAGGGAA,(((.(((((.(...,CAGOAUAUUOCOOO,1
498,hsa-mir-1178,GCGUUGGCUGGCAGAGGAAGGGAAGGGUCCAGGGUCAGCUGAGCAUGCCCUCAGGUUGCUCACUGUUCUUCCCUAGAAUGUCAGGUGAUGU,((((((.((((((.....(((((((((........(((.((((((.(((....)))))))))))))))))))))....)))))).)))))),GAGCAUGCCCUCAG,(((((.(((....),CUCGUOUGGOOOOC,1
499,hsa-mir-423,AUAAAGGAAGUUAGGCUGAGGGGCAGAGAGCGAGACUUUUCUAUUUUCCAAAAGCUCGGUCUGAGGCCCCUCAGUCUUGCUUCCUAACCCGCGC,....(((((((.((((((((((((..(((.((((.(((((.........))))))))).)))...)))))))))))).))))))).........,AGACUUUUCUAUUU,((.(((((......,UCOGAAAAOOOOOO,1
500,hsa-mir-6769a,AGGCCAGGUGGGUAUGGAGGAGCCCUCAUAUGGCAGUUGGCGAGGGCCCAGUGAGCCCCUCUCUGCUCUCCAG,..(((((.((.(((((.(((...))))))))..)).)))))((((((..((.(((...))).))))))))...,GAGCCCUCAUAUGG,(...))))))))..,COOOGGAGUAUGOO,1
501,hsa-mir-20b,AGUACCAAAGUGCUCAUAGUGCAGGUAGUUUUGGCAUGACUCUACUGUAGUAUGGGCACUUCCAGUACU,(((((..(((((((((((.(((((..((((.......))))...))))).)))))))))))...))))),CAGGUAGUUUUGGC,(((..((((.....,GUCOOUCAGOOOOO,1
502,hsa-mir-4797,GACUCAGAAGACAGAGUGCCACUUACUGAAAGGUUUUUUCUCUCAGUAAGUGGCACUCUGUCUUCUGAGUU,(((((((((((((((((((((((((((((.(((.....))).))))))))))))))))))))))))))))),UACUGAAAGGUUUU,((((((.(((....,AUGACUOUCUOOOO,1
503,hsa-mir-1224,GUGAGGACUCGGGAGGUGGAGGGUGGUGCCGCCGGGGCCGGGCGCUGUUUCAGCUCGCUUCUCCCCCCACCUCCUCUCUCCUCAG,.((((((...(((((((((..((((....))))((((..((((((((...))))..))))..)))))))))))))...)))))).,GAGGUGGAGGGUGG,(((((((..((((.,CUCCACCOOCCGCO,1
504,hsa-mir-186,UGCUUGUAACUUUCCAAAGAAUUCUCCUUUUGGGCUUUCUGGUUUUAUUUUAAGCCCAAAGGUGAAUUUUUUGGGAAGUUUGAGCU,.(((((.(((((((((((((((((.(((((.((((((..............))))))))))).)))))))))))))))))))))).,UUGGGCUUUCUGGU,(.((((((......,AOCCCGAAOOOOOO,1
505,hsa-mir-2467,GGACAGGCACCUGAGGCUCUGUUAGCCUUGGCUCUGGGUCCUGCUCCUUAGAGCAGAGGCAGAGAGGCUCAGGGUCUGUCU,((((((((.((((((.((((.(..(((((.((((((((........)))))))).)))))).)))).)))))))))))))),UUGGCUCUGGGUCC,((.((((((((...,AGOCGAGAUUCOOO,1
506,hsa-mir-6820,CCUUCUGCGGCAGAGCUGGGGUCACCAGCCCUCAUGUACUUGUGACUUCUCCCCUGCCACAG,....(((.(((((.(..((((((((.((..(....)..)).))))))))..).))))).))),GGGGUCACCAGCCC,((((((((.((..(,CUUCAGUGOUCOOG,1
507,hsa-mir-7112,ACGGGCAGGGCAGUGCACCCUGCAGGUGAGAGCGGGAACACCUGCAUCACAGCCUUUGGCCCUAG,..(((((((((.(((.....((((((((..........)))))))).))).)))))..))))...,CACCCUGCAGGUGA,.....((((((((.,OOOOOACGUCCACO,1
508,hsa-mir-3678,GAAUCCGGUCCGUACAAACUCUGCUGUGUUGAAUGAUUGGUGAGUUUGUUUGCUCAUUGAUUGAAUCACUGCAGAGUUUGUACGGACCGGAUUC,((((((((((((((((((((((((.(((......(((((((((((......)))))))))))....))).)))))))))))))))))))))))),UGCUGUGUUGAAUG,(((.(((......(,ACGOCACOOOOOOU,1
509,hsa-mir-6822,UGGCCCAGGGAACCAGUUGGGGCUUCCGCUCUGCAGAGGCUCUAACUGGCUUUCCCUGCAG,.....(((((((((((((((((((((.((...)).))))))))))))))..)))))))...,GGGGCUUCCGCUCU,((((((((.((...,UCUCGGAGOCGOOO,1
510,hsa-mir-6762,AGAGCCGGGGCCAUGGAGCAGCCUGUGUAGACGGGGACCUGCCCUGCAUGGGCACCCCCUCACUGGCUGCUUCCCUUGGUCUCCAG,.(((((((((....(((((((((.(((.((..((((...(((((.....)))))))))))))).))))))))))))))).)))...,CCUGUGUAGACGGG,((.(((.((..(((,GGOCACOUCOOCCC,1
511,hsa-mir-3127,GGCCAGGCCCAUCAGGGCUUGUGGAAUGGGAAGGAGAAGGGACGCUUCCCCUUCUGCAGGCCUGCUGGGUGUGGCU,(((((.(((((.((((.(((((((((.((((((...........)))))).))))))))))))).))))).))))),UGGGAAGGAGAAGG,.((((((.......,OCCCUUCOOOOOOO,1
512,hsa-mir-7113,CUCCAGGGAGACAGUGUGUGAGGCCUCUUGCCAUGGCCUCCCUGCCCGCCUCUCUGCAG,((.(((((((...(((.((((((((.........))))))...)).)))))))))).)),GUGUGAGGCCUCUU,(.((((((((....,COCGCUCCGGOOOO,1
513,hsa-mir-4746,GUGUCUGUGCCGGUCCCAGGAGAACCUGCAGAGGCAUCGGGUCAGCGGUGCUCCUGCGGGCCGACACUCAC,(((...(((.((((((((((((.(((.((...(((.....))).))))).)))))).)))))).))).))),CUGCAGAGGCAUCG,(.((...(((....,GOCGOOOCUGOOOO,1
514,hsa-mir-519a-1,CUCAGGCUGUGACACUCUAGAGGGAAGCGCUUUCUGUUGUCUGAAAGAAAGGAAAGUGCAUCCUUUUAGAGUGUUACUGUUUGAG,(((((((.(((((((((((((((((.(((((((((....(((...)))..))))))))).))))))))))))))))).))))))),CUUUCUGUUGUCUG,((((((....(((.,GAAAGGOOOOAGAO,1
515,hsa-mir-194-2,UGGUUCCCGCCCCCUGUAACAGCAACUCCAUGUGGAAGUGCCCACUGGUUCCAGUGGGGCUGCUGUUAUCUGGGGCGAGGGCCAG,((((((.((((((..(((((((((.((((((.((((...(((....))))))))))))).)))))))))..)))))).)))))).,AUGUGGAAGUGCCC,((.((((...(((.,UGOACCUOOOUGGO,1
516,hsa-mir-4999,AUAGAAAAUAAAACACAUACUGCUGUAUUGUCAGGUAGUGAUAGGAUUUAUCACUACCUGACAAUACAGUAUGUGUUUGUUUUAUAUAUUU,.......((((((((.(((((((((((((((((((((((((((.....))))))))))))))))))))))).)))).))))))))......,GUAGUGAUAGGAUU,(((((((((.....,CAUCACUAUOOOOO,1
517,hsa-mir-4800,GGAGAAAGGAGUGGACCGAGGAAGGAAGGAAGGCAAGGCUGUCUGUCCAUCCGUCCGUCUGUCCACCUACCUGUCAGUCC,(((((.(((.((((((.(((((.(((.((((((((....))))).))).))).))).)).))))))...))).))..))),GGAAGGAAGGCAAG,(((.((((((((..,CCUOCCUUCUGUOO,1
518,hsa-mir-7154,UUCAUGAACUGGGUCUAGCUUGGAGCCUUGGUAGGGAAGCAAGCUGAGGAGAUAGGAGGACAAGUUGUGGGAU,(((((.((((..((((..((((...(((((((..(....)..)))))))...)))).)))).)))))))))..,AGCUUGGAGCCUUG,..((((...(((((,OOGGAUOOOGGAGU,1
519,hsa-mir-330,CUUUGGCGAUCACUGCCUCUCUGGGCCUGUGUCUUAGGCUCUGCAAGAUCAACCGAGCAAAGCACACGGCCUGCAGAGAGGCAGCGCUCUGCCC,....(((((.(.(((((((((((((((((((.(((..((((.............)))).))))))).))))..))))))))))).).)).))).,CUUAGGCUCUGCAA,(((..((((.....,GAAOOCGAGOOOOO,1
520,hsa-mir-6757,GGGCUUAGGGAUGGGAGGCCAGGAUGAAGAUUAAUCCCUAAUCCCCAACACUGGCCUUGCUAUCCCCAG,.......((((((((((((((((.((..(((((.....)))))..)).).)))))))).)))))))...,AGGAUGAAGAUUAA,(((.((..(((((.,UCCOACOOCUAAUO,1
521,hsa-mir-6831,GUAGGUAGAGUGUGAGGAGGAGGUCUGAGCCCAUGUGUGGACCUAGGUCUGCUGUUAAACUGACUAACUCCCACUCUACAG,....((((((((...((((..((((...........((((((....)))))).........))))..))))))))))))..,GGAGGUCUGAGCCC,(..((((.......,COOUCAGOOOOOOO,1
522,hsa-mir-1227,GUGGGGCCAGGCGGUGGUGGGCACUGCUGGGGUGGGCACAGCAGCCAUGCAGAGCGGGCAUUUGACCCCGUGCCACCCUUUUCCCCAG,.(((((..(((.((((((.....((((..((.((.......)).))..)))).(((((........))))))))))))))..))))).,GCGGUGGUGGGCAC,(.((((((.....(,COCCACCGOOOOOG,1
523,hsa-mir-153-2,AGCGGUGGCCAGUGUCAUUUUUGUGAUGUUGCAGCUAGUAAUAUGAGCCCAGUUGCAUAGUCACAAAAGUGAUCAUUGGAAACUGUG,.(((((..(((((((((((((((((((..(((((((.((.......))..)))))))..))))))))))))).))))))..))))).,UGCAGCUAGUAAUA,(((((((.((....,ACGUUGAOCGOOOO,1
524,hsa-mir-7157,UCAGCAUUCAUUGGCACCAGAGAUGAAAUUGGGACUCCUCUGUGCUACUGGAUGAAGAGU,((..((((((.((((((.((((...............)))))))))).))))))..))..,CCAGAGAUGAAAUU,(.((((........,GOUCUCOOOOOOOO,1
525,hsa-mir-1255b-2,UCUUACGGAUGAGCAAAGAAAGUGGUUUGCGCCUCAAGAAACCACUUUCUUUGCUCAUCCAUAAGGA,(((((.((((((((((((((((((((((..........)))))))))))))))))))))).))))).,AGUGGUUUGCGCCU,((((((((......,UCACCAAAOOOOOO,1
526,hsa-mir-6840,UGACCACCCCCGGGCAAAGACCUGCAGAUCCCCUGUUAGAGACGGGCCCAGGACUUUGUGCGGGGUGCCCA,....((((((.(.((((((.((((.......((((((...))))))..)))).)))))).)))))))....,UGCAGAUCCCCUGU,((.......(((((,ACOOOOOOOGGGCA,1
527,hsa-mir-1288,GAGGGUGUUGAUCAGCAGAUCAGGACUGUAACUCACCAUAGUGGUGGACUGCCCUGAUCUGGAGACCACUGCCUU,.((((((.((.((..(((((((((...(((..((((((...))))))..))))))))))))..)).)).)))))),ACUCACCAUAGUGG,..((((((...))),OOGGUGGUOOOACC,1
528,hsa-mir-4733,GGUCGCUUAAAUCCCAAUGCUAGACCCGGUGGCAAUCAAGGUCUAGCCACCAGGUCUAGCAUUGGGAUUUAAGCCC,....((((((((((((((((((((((.((((((............)))))).))))))))))))))))))))))..,CCCGGUGGCAAUCA,((.((((((.....,GGOCCACCGOOOOO,1
529,hsa-mir-6841,GUGUUUAGGGUACUCAGAGCAAGUUGUGAAACACAGGUGUUUUUUAACCUCACCUUGCAUCUGCAUCCCCAG,.......(((....(((((((((..((((......(((........)))))))))))).))))....)))..,AAGUUGUGAAACAC,(((..((((.....,UUCOOCACUOOOOO,1
530,hsa-mir-519a-2,UCUCAGGCUGUGUCCCUCUACAGGGAAGCGCUUUCUGUUGUCUGAAAGAAAGGAAAGUGCAUCCUUUUAGAGUGUUACUGUUUGAGA,((((((((.(((.(.(((((.(((((.(((((((((....(((...)))..))))))))).))))).))))).).))).)))))))),CGCUUUCUGUUGUC,((((((((....((,GUGAAAGGOOOOAG,1
531,hsa-mir-6515,CAUUGGAGGGUGUGGAAGACAUCUGGGCCAACUCUGAUCUCUUCAUCUACCCCCCAG,...(((.(((((..(((((.(((.(((....))).))).)))))...))))).))).,AGACAUCUGGGCCA,(((.(((.(((...,UCUOUAGOCUCOOO,1
532,hsa-mir-939,UGUGGGCAGGGCCCUGGGGAGCUGAGGCUCUGGGGGUGGCCGGGGCUGACCCUGGGCCUCUGCUCCCCAGUGUCUGACCGCG,.((((...((((.(((((((((.(((((.((((((..(((....)))..))))))))))).))))))))).))))..)))).,GGGGGUGGCCGGGG,((((..(((....),UCCCOOUCGOOOOC,1
533,hsa-mir-3074,GCUCGACUCCUGUUCCUGCUGAACUGAGCCAGUGUGUAAAAUGAGAACUGAUAUCAGCUCAGUAGGCACCGGAGGGCGGGU,(((((.((((.((.((((((((.((((..((((.............))))...)))).)))))))).)).))))..))))),GAGCCAGUGUGUAA,((..((((......,CUOOGUCAOOOOOO,1
534,hsa-mir-6893,CCGGGCAGGCAGGUGUAGGGUGGAGCCCACUGUGGCUCCUGACUCAGCCCUGCUGCCUUCACCUGCCAG,...((((((.(((((((((((((((((......)))))).......))))))).))))...))))))..,GUGGAGCCCACUGU,((((((((......,CGCCUCGGOOOOOO,1
535,hsa-mir-105-1,UGUGCAUCGUGGUCAAAUGCUCAGACUCCUGUGGUGGCUGCUCAUGCACCACGGAUGUUUGAGCAUGUGCUACGGUGUCUA,...(((((((((.((.((((((((((..((((((((..........))))))))..)))))))))).)))))))))))...,CUGUGGUGGCUGCU,((((((((......,GGCACCACOOOOOO,1
536,hsa-mir-5004,GGCACUUGCUUGGGGGUUAGUGAGGACAGGGCAAAUUCACGAGAUUGGGUUGUGCAGAGGCUGACACUUGGAUUUUCCUGGGCCUCAGGACUUCCUUUCAGACAUGG,(((....))).(((((((..(((((.(((((.(((((((.(.(.((((.((......)).))))).).))))))))))))..))))).)))))))............,UUCACGAGAUUGGG,((((.(.(.((((.,AGGUOCOCOAGUCO,1
537,hsa-mir-548j,GGGCAGCCAGUGAAUAGUUAGCUGGUGCAAAAGUAAUUGCGGUCUUUGGUAUUACUUUCAGUGGCAAAAACUGCAUUACUUUUGCACCAGCCUACUAGAACGCUGAGUUCAG,((((...(((((..((((..(((((((((((((((((.(((((.((((.((((......)))).)))).))))))))))))))))))))))..))))...))))).))))..,CUUUGGUAUUACUU,.((((.((((....,OAAACOGUGAOOOO,1
538,hsa-mir-519c,UCUCAGCCUGUGACCCUCUAGAGGGAAGCGCUUUCUGUUGUCUGAAAGAAAAGAAAGUGCAUCUUUUUAGAGGAUUACAGUUUGAGA,((((((.((((((.((((((((((((.(((((((((....(((...)))..))))))))).)))))))))))).)))))).)))))),CUUUCUGUUGUCUG,((((((....(((.,GAAAGAOOOOAGAO,1
539,hsa-mir-6877,AGUUCAGGGCCGAAGGGUGGAAGCUGCUGGUGCUCAUCUCAGCCUCUGCCCUUGGCCUCCCCAG,......(((((.(((((((((.((((..(((....))).)))).))))))))))))))......,AAGCUGCUGGUGCU,(.((((..(((...,UOCGACOOCUAOOO,1
540,hsa-mir-147b,UAUAAAUCUAGUGGAAACAUUUCUGCACAAACUAGAUUCUGGACACCAGUGUGCGGAAAUGCUUCUGCUACAUUUUUAGG,((.((((.((((((((.((((((((((((.........((((...)))))))))))))))).)))))))).)))).))..,ACAAACUAGAUUCU,(((.........((,UGUOOOOOOOOOGA,1
541,hsa-mir-1228,GUGGGCGGGGGCAGGUGUGUGGUGGGUGGUGGCCUGCGGUGAGCAGGGCCCUCACACCUGCCUCGCCCCCCAG,..((((((((.((((((((.((........(.(((((.....))))).))).)))))))))))))))).....,GUGUGUGGUGGGUG,(((((.((......,CACACOCCOOOOOO,1
542,hsa-mir-4649,UCUGGGCGAGGGGUGGGCUCUCAGAGGGGCUGGCAGUACUGCUCUGAGGCCUGCCUCUCCCCAG,.(((((.(((((((((((.(((((((.((.((....)))).))))))))))))))))))))))),CUCAGAGGGGCUGG,(((((((.((.((.,GAGUCUCOUCOAUO,1
543,hsa-mir-29a,AUGACUGAUUUCUUUUGGUGUUCAGAGUCAAUAUAAUUUUCUAGCACCAUCUGAAAUCGGUUAU,((((((((((((...(((((((.((((...........)))))))))))...)))))))))))),UGUUCAGAGUCAAU,((((.((((.....,ACGAOUCUUOOOOO,1
544,hsa-mir-101-2,ACUGUCCUUUUUCGGUUAUCAUGGUACCGAUGCUGUAUAUCUGAAAGGUACAGUACUGUGAUAACUGAAGAAUGGUGGU,((((.((((((((((((((((((((((.(.((((............))))).)))))))))))))))))))).)))))),CCGAUGCUGUAUAU,(.(.((((......,GOCOAUGGOOOOOO,1
545,hsa-mir-431,UCCUGCUUGUCCUGCGAGGUGUCUUGCAGGCCGUCAUGCAGGCCACACUGACGGUAACGUUGCAGGUCGUCUUGCAGGGCUUCUCGCAAGACGACAUCCUCAUCACCAACGACG,...((.(((((.(((((((.((((((((((.((.(.((((((((........)))....))))).).)).)))))))))).))))))).)))))))..................,UCAUGCAGGCCACA,.(.((((((((...,OGOACGUUUGGOOO,1
546,hsa-mir-3677,GGCAGUGGCCAGAGCCCUGCAGUGCUGGGCAUGGGCUUCUCGUGGGCUCUGGCCACGGCC,(((.(((((((((((((.((((.(((.......)))..)).))))))))))))))).))),UGCAGUGCUGGGCA,.((((.(((.....,OUGUCOCGGOOOOO,1
547,hsa-mir-518f,UCUCAUGCUGUGACCCUCUAGAGGGAAGCACUUUCUCUUGUCUAAAAGAAAAGAAAGCGCUUCUCUUUAGAGGAUUACUCUUUGAGA,(((((....((((.(((((((((((((((.(((((((((......))))...))))).))))))))))))))).))))....))))),CUUUCUCUUGUCUA,(((((((((.....,GAAAGAGAAOOOOO,1
548,hsa-mir-20a,GUAGCACUAAAGUGCUUAUAGUGCAGGUAGUGUUUAGUUAUCUACUGCAUUAUGAGCACUUAAAGUACUGC,((((.(((.(((((((((((((((((.(((...........))))))))))))))))))))..))).)))),CAGGUAGUGUUUAG,(((.(((.......,GUCOAUCOOOOOOO,1
549,hsa-mir-124-2,AUCAAGAUUAGAGGCUCUGCUCUCCGUGUUCACAGCGGACCUUGAUUUAAUGUCAUACAAUUAAGGCACGCGGUGAAUGCCAAGAGCGGAGCCUACGGCUGCACUUGAA,.(((((..(((((((((((((((..((((((((.(((..((((((((...........))))))))..))).))))))))..))))))))))))....)))..))))).,CCUUGAUUUAAUGU,((((((((......,GGAAUUAAOOOOOO,1
550,hsa-mir-3605,ACUUUAUACGUGUAAUUGUGAUGAGGAUGGAUAGCAAGGAAGCCGCUCCCACCUGACCCUCACGGCCUCCGUGUUACCUGUCCUCUAGGUGGGACGCUCG,.........((((.........((((((((.(((((.(((.((((.................)))).))).))))).))))))))........))))...,GGAAGCCGCUCCCA,(((.((((......,CCUOCGGCOOOOOO,1
551,hsa-mir-874,UUAGCCCUGCGGCCCCACGCACCAGGGUAAGAGAGACUCUCGCUUCCUGCCCUGGCCCGAGGGACCGACUGGCUGGGC,((((((...(((.(((.((..((((((((((.(((...))).))...))))))))..)).))).)))...))))))..,GGUAAGAGAGACUC,((((((.(((...),CCGUUCOCUCOOOG,1
552,hsa-mir-6754,GGCUGCCAGGGAGGCUGGUUUGGAGGAGUCUGGUGGCCUGUUCUCUUCACCUGCCUCUGCCUGCAG,..((((.((((((((.(((..(((((((((....)))...))))))..))).)))))..))))))),UGGAGGAGUCUGGU,.(((((((((....,OUCUCUUCGGOOOO,1
553,hsa-mir-125b-2,ACCAGACUUUUCCUAGUCCCUGAGACCCUAACUUGUGAGGUAUUUUAGUAACAUCACAAGUCAGGCUCUUGGGACCUAGGCGGAGGGGA,.((...((((.(((((((((.((((.(((.((((((((.((.........)).)))))))).))).)))))))).))))).)))).)).,CUUGUGAGGUAUUU,(((((((.((....,GAACACUOCAOOOO,1
554,hsa-mir-556,GAUAGUAAUAAGAAAGAUGAGCUCAUUGUAAUAUGAGCUUCAUUUAUACAUUUCAUAUUACCAUUAGCUCAUCUUUUUUAUUACUACCUUCAACA,..(((((((((((((((((((((.((.((((((((((..............)))))))))).)).))))))))))))))))))))).........,AUAUGAGCUUCAUU,(((((((.......,UAUACUUOOOOOOO,1
555,hsa-mir-5580,UGCUGGCUCAUUUCAUAUGUGUGCUGAGAAAAUUCACACAUAUGAAGUGAGCCAGCAC,(((((((((((((((((((((((...........))))))))))))))))))))))).,UAUGUGUGCUGAGA,((((((((......,AUACACACOOOOOO,1
556,hsa-mir-4732,GAGGGAGCUGUAGAGCAGGGAGCAGGAAGCUGUGUGUGUCCAGCCCUGACCUGUCCUGUUCUGCCCCCAGCCCCUC,(((((.((((((((((((((..((((..((((........)))))))).....)))))))))))....)))))))),GGAAGCUGUGUGUG,((..((((......,CCOOCGACOOOOOO,1
557,hsa-mir-3173,UCCCUGCCCUGCCUGUUUUCUCCUUUGUGAUUUUAUGAGAACAAAGGAGGAAAUAGGCAGGCCAGGGA,((((((.(((((((((((((((((((((..((....))..))))))))))))))))))))).)))))),CUCCUUUGUGAUUU,(((((((((..((.,GAGGAAACAOOAGO,1
558,hsa-mir-942,AUUAGGAGAGUAUCUUCUCUGUUUUGGCCAUGUGUGUACUCACAGCCCCUCACACAUGGCCGAAACAGAGAAGUUACUUUCCUAAU,((((((((((((.(((((((((((((((((((((((..............))))))))))))))))))))))).)))))))))))),CCAUGUGUGUACUC,(((((((((.....,GGUACACACOOOOO,1
559,hsa-mir-3688-1,UCUUCACUUUCAAGAGUGGCAAAGUCUUUCCAUAUGUAUGUAUGUAUGUCUGUUACACAUAUGGAAAGACUUUGCCACUCUUUAAAGUGAAGA,((((((((((.((((((((((((((((((((((((((..(((...........))))))))))))))))))))))))))))).)))))))))),UCCAUAUGUAUGUA,(((((((((..(((,AGGUAUACAOOCAU,1
560,hsa-mir-16-2,GUUCCACUCUAGCAGCACGUAAAUAUUGGCGUAGUGAAAUAUAUAUUAAACACCAAUAUUACUGUGCUGCUUUAGUGUGAC,(((.((((..(((((((((..((((((((.((.................)).))))))))..)))))))))..)))).))),AUUGGCGUAGUGAA,(((((.((......,UAACCOCAOOOOOO,1
561,hsa-mir-3189,GCCUCAGUUGCCCCAUCUGUGCCCUGGGUAGGAAUAUCCUGGAUCCCCUUGGGUCUGAUGGGGUAGCCGAUGC,((.((.(((((((((((.(.((((.((((((((...)))))....)))..))))).))))))))))).)).)),GGUAGGAAUAUCCU,(((((((...)))),CCGUCCUOOOAGGA,1
562,hsa-mir-579,CAUAUUAGGUUAAUGCAAAAGUAAUCGCGGUUUGUGCCAGAUGACGAUUUGAAUUAAUAAAUUCAUUUGGUAUAAACCGCGAUUAUUUUUGCAUCAAC,........(((.((((((((((((((((((((((((((((((((..(((((......))))))))))))))))))))))))))))))))))))).))),GAUGACGAUUUGAA,(((((..(((((..,UUACUOOUAAAUOO,1
563,hsa-mir-4668,AGGGAAAAAAAAAAGGAUUUGUCUUGUAGCCAGGAUAUUGUUUUAAAGAAAAUCCUUUUUGUUUUUCCAG,.(((((((.(((((((((((.((((..((.(((....))).))..))))))))))))))).)))))))..,AUUUGUCUUGUAGC,((((.((((..((.,UAAAOAGAAOOUUO,1
564,hsa-mir-24-1,CUCCGGUGCCUACUGAGCUGAUAUCAGUUCUCAUUUUACACACUGGCUCAGUUCAGCAGGAACAGGAG,((((.((.(((.(((((((((..(((((.............))))).))))))))).))).)).)))),UAUCAGUUCUCAUU,..(((((.......,OOGGUCAOOOOOOO,1
565,hsa-mir-4638,GACUCGGCUGCGGUGGACAAGUCCGGCUCCAGAACCUGGACACCGCUCAGCCGGCCGCGGCAGGGGUC,(((((.((((((((.(....(..(((.(((((...)))))..)))..)...).))))))))..))))),GACAAGUCCGGCUC,(....(..(((.((,COOOOCOOGCCOAG,1
566,hsa-mir-937,AGCACUGCCCCCGGUGAGUCAGGGUGGGGCUGGCCCCCUGCUUCGUGCCCAUCCGCGCUCUGACUCUCUGCCCACCUGCAGGAGCU,(((.((((....((((((((((((((.((.(((......((.....))))).)).)))))))))))...))).....))))..))),GGGCUGGCCCCCUG,.((.(((......(,OCCOACCOOOOOOC,1
567,hsa-mir-6511b-2,GGGGCCUGCAGGCAGAAGUGGGGCUGACAGGGCAGAGGGUUGCGCCCCCUCACCACCCCUUCUGCCUGCAG,.....(((((((((((((.((((.(((..((((..........))))..))).).)))))))))))))))),GCUGACAGGGCAGA,(.(((..((((...,COACUOOCCCGOOO,1
568,hsa-mir-4716,CAUACUUUGUCUCCAUGUUUCCUUCCCCCUUCUGUAUACAUGUAUACAGGAGGAAGGGGGAAGGAAACAUGGAGACAAAGUGUG,((((((((((((((((((((((((((((((((((((((....)))))....))))))))))))))))))))))))))))))))),CCCUUCUGUAUACA,((((((((((((..,GGGAAGGCAUAUOO,1
569,hsa-let-7e,CCCGGGCUGAGGUAGGAGGUUGUAUAGUUGAGGAGGACACCCAAGGAGAUCACUAUACGGCCUCCUAGCUUUCCCCAGG,((.(((..(((.((((((((((((((((.((((.(....))).......)))))))))))))))))).)))..))).)),UAUAGUUGAGGAGG,((((((.((((.(.,AUAUCAOCUCCOCO,1
570,hsa-mir-3529,GGCACCAUUAGGUAGACUGGGAUUUGUUGUUGAGCGCAGUAAGACAACAACAAAAUCACUAGUCUUCCAGAUGGGGCC,(((.(((((.((.(((((((((((((((((((............))))))).))))).))))))).)).))))).))),UGUUGUUGAGCGCA,((((((((......,ACAACAACOOOOOO,1
571,hsa-mir-6810,CUGGGAUGGGGACAGGGAUCAGCAUGGCACAGAUCCAAUACCUUCUGUCCCCUGCUCCCUUGUUCCCCAG,......(((((((((((...((((.((.(((((..........))))).)).)))).))))).)))))).,GCAUGGCACAGAUC,(((.((.(((((..,CGUOCCOUGUCUOO,1
572,hsa-mir-1236,GUGAGUGACAGGGGAAAUGGGGAUGGACUGGAAGUGGGCAGCAUGGAGCUGACCUUCAUCAUGGCUUGGCCAACAUAAUGCCUCUUCCCCUUGUCUCUCCAG,(.(((.((((((((((..((..(((.....((.(.(((((((.....)))).))).).)).((((...)))).)))....))..)))))).)))).))))..,AUGGGGAUGGACUG,..((..(((.....,OOCCOOUACOOOOO,1
573,hsa-mir-140,UGUGUCUCUCUCUGUGUCCUGCCAGUGGUUUUACCCUAUGGUAGGUUACGUCAUGCUGUUCUACCACAGGGUAGAACCACGGACAGGAUACCGGGGCACC,.(((((((.....((((((((((.(((((((((((((.(((((((.((.((...)))).))))))).))))))))))))))).)))))))).))))))).,AUGGUAGGUUACGU,.(((((((.((.((,OACCAUCUOGUOCG,1
574,hsa-mir-6741,AAUGGGUGGGUGCUGGUGGGAGCCGUGCCCUGGCCACUCAUUCGGCUCUCUCCCUCACCCUAG,...(((((((....((.((((((((......(....).....)))))))).)))))))))...,AGCCGUGCCCUGGC,(((((......(..,UCGGCOOOOOOCOO,1
575,hsa-mir-329-1,GGUACCUGAAGAGAGGUUUUCUGGGUUUCUGUUUCUUUAAUGAGGACGAAACACACCUGGUUAACCUCUUUUCCAGUAUC,(((((..(((((((((((..((((((...((((((.((......)).)))))).))))))..)))))))))))..))))),CUGUUUCUUUAAUG,.((((((.((....,OACAAAGOAGOOOO,1
576,hsa-mir-676,GCAUGACUCUUCAACCUCAGGACUUGCAGAAUUAAUGGAAUGCUGUCCUAAGGUUGUUGAGUUGUGC,(((((((((..((((((.(((((..(((............))).))))).))))))..))))))))),ACUUGCAGAAUUAA,((..(((.......,UGOOCGUOOOOOOO,1
577,hsa-mir-1238,GUGAGUGGGAGCCCCAGUGUGUGGUUGGGGCCAUGGCGGGUGGGCAGCCCAGCCUCUGAGCCUUCCUCGUCUGUCUGCCCCAG,.....((((.((..(((..((.((..(((((((.(((((((.....)))).)))..)).))))))).)).)))...)))))).,GUGUGUGGUUGGGG,(..((.((..((((,COOGCOCCOOUUCC,1
578,hsa-mir-885,CCGCACUCUCUCCAUUACACUACCCUGCCUCUUCUCCAUGAGAGGCAGCGGGGUGUAGUGGAUAGAGCACGGGU,(((..((((.(((((((((((.(((((((((((......))))))))).))))))))))))).))))..)))..,UGCCUCUUCUCCAU,((((((((......,ACGGAGAGOOOOOO,1
579,hsa-mir-4756,GGGAUAAAAUGCAGGGAGGCGCUCACUCUCUGCUGCCGAUUCUGCACCAGAGAUGGUUGCCUUCCUAUAUUUUGUGUC,((.((((((((.(((((((((.(((.((((((.(((.......))).))))))))).))))))))).)))))))).)),CUCUGCUGCCGAUU,(((((.(((.....,GAGACOACGOOOOO,1
580,hsa-mir-4687,ACCUGAGGAGCCAGCCCUCCUCCCGCACCCAAACUUGGAGCACUUGACCUUUGGCUGUUGGAGGGGGCAGGCUCGCGGGU,(((((..(((((.((((.(((((.(((.(((((..(.((....)).)..))))).))).))))))))).))))).))))),ACCCAAACUUGGAG,(.(((((..(.((.,UOGGUUUOOAOUUO,1
581,hsa-mir-539,AUACUUGAGGAGAAAUUAUCCUUGGUGUGUUCGCUUUAUUUAUGAUGAAUCAUACAAGGACAAUUUCUUUUUGAGUAU,(((((((((((((((((.((((((.(((((((((.........).)))).)))))))))).))))))))))))))))),GGUGUGUUCGCUUU,(.(((((((((...,COAUACAAGUGOOO,1
582,hsa-mir-6501,GGAGUUGCCAGGGCUGCCUUUGGUGACAGCAGCAGUAGAGUUGCCAGAGCAGCCUGCGGUAACAGUA,...((((((.(((((((.(((((((((.((....))...))))))))))))))))..))))))....,CUUUGGUGACAGCA,.(((((((((.((.,OAGACCGUUGOUGO,1
583,hsa-mir-181c,CGGAAAAUUUGCCAAGGGUUUGGGGGAACAUUCAACCUGUCGGUGAGUUUGGGCAGCUCAGGCAAACCAUCGACCGUUGAGUGGACCCUGAGGCCUGGAAUUGCCAUCCU,.(((.......(((..(((((.((((..((((((((..(((((((.(((((...........)))))))))))).))))))))..)))).))))))))........))).,GGUGAGUUUGGGCA,((((.(((((....,CUACOCAAACOOOO,1
584,hsa-mir-3144,AACUACACUUUAAGGGGACCAAAGAGAUAUAUAGAUAUCAGCUACCUAUAUACCUGUUCGGUCUCUUUAAAGUGUAGUU,((((((((((((((((((((.((.((.(((((((...........))))))).)).)).)))))))))))))))))))),UAUAUAGAUAUCAG,(((((((.......,AUAUAUCOOOOOOO,1
585,hsa-mir-3150a,GGGAAGCAGGCCAACCUCGACGAUCUCCUCAGCACCUGAACGCCAAGGCUGGGGAGAUCCUCGAGGUUGGCCUGCUUUCC,((((((((((((((((((((.((((((((((((.(.((.....)).))))))))))))).)))))))))))))))))))),CCUCAGCACCUGAA,(((((((.(.((..,GGGGUCGOGOACOO,1
586,hsa-mir-6508,UUCCUCUAGAAAUGCAUGACCCACCCUGAGUUUUGGUGGGCCAUGCAUUUCUAGAACUCC,....((((((((((((((.((((((.........)))))).)))))))))))))).....,ACCCACCCUGAGUU,.((((((.......,OGGGUGGOOOOOOO,1
587,hsa-mir-4728,GUGGGAGGGGAGAGGCAGCAAGCACACAGGGCCUGGGACUAGCAUGCUGACCUCCCUCCUGCCCCAG,(.((((((((.(((((((((.((...(((...)))......)).))))).)))).))))).))))..,GCAAGCACACAGGG,(((.((...(((..,CGUOCGOOOGUCOO,1
588,hsa-mir-6874,GCCACAUGGAGCUGGAACCAGAUCAGGCUUUAAUGUUUGAAGUAAUGUCAGUUCUGCUGUUCUGACUCUAG,......(((((.((((((((((((((((......))))))............))))..)))))).))))).,AUCAGGCUUUAAUG,(((((((......),UAGUUUGOOOOOOC,1
589,hsa-mir-7106,GCUUCUGGGAGGAGGGGAUCUUGGGAGUGAUCCCAACAGCUGAGCUCCCUGAAUCCCUGUCCCAG,....((((((..(((((.((..((((((...............)))))).)).))))).)))))),UCUUGGGAGUGAUC,((..((((((....,AGOOCCCUCGOOOO,1
590,hsa-mir-3150b,GAGGGAAAGCAGGCCAACCUCGAGGAUCUCCCCAGCCUUGGCGUUCAGGUGCUGAGGAGAUCGUCGAGGUUGGCCUGCUUCCCCUC,(((((.(((((((((((((((((.(((((((.((((((((.....)))).)))).))))))).))))))))))))))))).))))),CCCCAGCCUUGGCG,((.((((((((...,GGOGUCGGGACOOO,1
591,hsa-mir-30b,ACCAAGUUUCAGUUCAUGUAAACAUCCUACACUCAGCUGUAAUACAUGGAUUGGCUGGGAGGUGGAUGUUUACUUCAGCUGACUUGGA,.(((((..((((((...((((((((((.((.((((((((............))))))))..))))))))))))...))))))))))).,CUCAGCUGUAAUAC,((((((((......,GGGUCGGUOOOOOO,1
592,hsa-mir-4764,UCUUCCCCAUGGAUGUGGAAGGAGUUAUCUGUCACCAGUCAGAUAACUGUCACCAGUCAGUUAACUCCUUUCACACCCAUGGGGAAGA,((((((((((((.((((((((((((((.(((.(....(.(((....))).)....).))).)))))))))))))).)))))))))))),GUUAUCUGUCACCA,((((.(((.(....,CAAUOGACOGOOOO,1
593,hsa-mir-3667,UGAGGAUGAAAGACCCAUUGAGGAGAAGGUUCUGCUGGCUGAGAACCUUCCUCUCCAUGGGUCUUUCAUCCUCA,((((((((((((((((((.((((.(((((((((........))))))))).)))).)))))))))))))))))),AGAAGGUUCUGCUG,.(((((((((....,OCUUCCAAGAOOOO,1
594,hsa-mir-708,AACUGCCCUCAAGGAGCUUACAAUCUAGCUGGGGGUAAAUGACUUGCACAUGAACACAACUAGACUGUGAGCUUCUAGAGGGCAGGGA,..((((((((.(((((((((((.(((((.((...((..(((.......)))..)).)).))))).))))))))))).))))))))...,AGCUGGGGGUAAAU,((.((...((..((,UCOACOOOCAOOUA,1
595,hsa-mir-6829,CAGCGUGGGCUGCUGAGAAGGGGCAGGGUCCUCCAGCUCAUUCCUCCUGCCUCCUCCGUGGCCUCAG,......(((((((.(((..(((((((((................)))))))))))).)))))))...,AGGGGCAGGGUCCU,.(((((((((....,OCUCCGUCCUOOOO,1
596,hsa-mir-498,AACCCUCCUUGGGAAGUGAAGCUCAGGCUGUGAUUUCAAGCCAGGGGGCGUUUUUCUAUAACUGGAUGAAAAGCACCUCCAGAGCUUGAAGCUCACAGUUUGAGAGCAAUCGUCUAAGGAAGUU,.....((((((((........(((((((((((((((((((((.(((((.(((((((...........))))))).))))).).)))))))).))))))))))))........))))))))....,GUUUUUCUAUAACU,(((((((.......,CGAAAAGOOOOOOO,1
597,hsa-mir-548bb,UUAGAUUGGUGCAAAAGUAACUAUGGUUUUUGCCCAAAAACCAUAGUUACUUUUGCACCAAGCUAA,.(((.((((((((((((((((((((((((((....)))))))))))))))))))))))))).))).,UUUUGCCCAAAAAC,((((....)))))),AAAAOOOOUUUUUG,1
598,hsa-mir-3136,AAUAUGAAACUGACUGAAUAGGUAGGGUCAUUUUUCUGUGACUGCACAUGGCCCAACCUAUUCAGUUAGUUCCAUAUU,((((((.((((((((((((((((.((((((......((((....)))))))))).)))))))))))))))).)))))),GGUCAUUUUUCUGU,(((((......(((,CCGGUOOOOOOACA,1
599,hsa-mir-4762,CUGAUACCCCAAAUCUUGAUCAGAAGCCUUGAUCAGAAGCUAGGAAGGCUUCUGAUCAAGAUUUGUGGUGUCAAG,.(((((((.(((((((((((((((((((((..............))))))))))))))))))))).)))))))..,GAAGCCUUGAUCAG,((((((((......,CUUCGGAAOOOOOO,1
600,hsa-mir-16-1,GUCAGCAGUGCCUUAGCAGCACGUAAAUAUUGGCGUUAAGAUUCUAAAAUUAUCUCCAGUAUUAACUGUGCUGCUGAAGUAAGGUUGAC,((((((..(((.((((((((((((.((((((((.(.(((..........))).).)))))))).)).)))))))))).)))..)))))),AUUGGCGUUAAGAU,(((((.(.(((...,UGACCOCOAUUOOO,1
601,hsa-mir-216a,GAUGGCUGUGAGUUGGCUUAAUCUCAGCUGGCAACUGUGAGAUGUUCAUACAAUCCCUCACAGUGGUCUCUGGGAUUAUGCUAAACAGAGCAAUUUCCUAGCCCUCACGA,((.(((((.((((((((.(((((((((..(((.((((((((.(((....)))....)))))))).))).))))))))).)))))..........))).))))).))....,ACUGUGAGAUGUUC,((((((((.(((..,UGACACUCOACAOO,1
602,hsa-mir-1910,UGUCCCUUCAGCCAGUCCUGUGCCUGCCGCCUUUGUGCUGUCCUUGGAGGGAGGCAGAAGCAGGAUGACAAUGAGGGCAA,((.((((.((....(((((((..(((((.(((((............))))).)))))..))))))).....)))))))).,GCCGCCUUUGUGCU,(((.(((((.....,CGGOGGGAGOOOOO,1
603,hsa-mir-3934,CACAGCCCUUCCUGUCCCCAGUUUUCAGGUGUGGAAACUGAGGCAGGAGGCAGUGAAGUAACUUGCUCAGGUUGCACAGCUGGGAAGUGGAGCAGGGAUUUGAAUCC,........(((((((..(((.(((((((.((((.(..(((((.((((..((......))..)))))))))..).)))).))))))).))).))))))).........,GAGGCAGGAGGCAG,(((.((((..((..,CUCOGUUCOOUGOO,1
604,hsa-mir-876,UGAAGUGCUGUGGAUUUCUUUGUGAAUCACCAUAUCUAAGCUAAUGUGGUGGUGGUUUACAAAGUAAUUCAUAGUGCUUCA,((((((((((((((((.((((((((((((((((..(.........)..)))))))))))))))).)))))))))))))))),AUCACCAUAUCUAA,((((((((..(...,UGGUGGUGOOGOOO,1
605,hsa-mir-106a,CCUUGGCCAUGUAAAAGUGCUUACAGUGCAGGUAGCUUUUUGAGAUCUACUGCAAUGUAAGCACUUCUUACAUUACCAUGG,((.(((..(((((((((((((((((.(((((.(((.(((...))).)))))))).))))))))))).))))))..))).)),CAGGUAGCUUUUUG,(((.(((.(((...,GUCOAUCOAGAOOO,1
606,hsa-mir-6865,AUCCAUAGGUGGCAGAGGAGGGACUUCAGAUGCUUCAUGACACCCUCUUUCCCUACCGCCUACAG,.....(((((((.(((((((((...(((((....)).)))..)))))))...)).)))))))...,GACUUCAGAUGCUU,(...(((((....),COOOAGUCUOOOOA,1
607,hsa-mir-501,GCUCUUCCUCUCUAAUCCUUUGUCCCUGGGUGAGAGUGCUUUCUGAAUGCAAUGCACCCGGGCAAGGAUUCUGAGAGGGUGAGC,((((.(((((((.(((((((.(.(((.(((((....(((.........)))...))))))))))))))))..))))))).)))),GGUGAGAGUGCUUU,((((....(((...,CCACOOOOACGOOO,1
608,hsa-mir-6881,UGCACUGGGGUAAGGAUAGGAGGGUCAGGUCUGCAGCCUUGUAUCUGCUGAUCCUCUUUCGUCCUUCCCACUCCAG,....((((((((((((((((((((((((...((((....))))....)))))))))))..))))))...))))))),AGGGUCAGGUCUGC,((((((((...(((,UCCUAGUCOOOAUG,1
609,hsa-mir-30e,GGGCAGUCUUUGCUACUGUAAACAUCCUUGACUGGAAGCUGUAAGGUGUUCAGAGGAGCUUUCAGUCGGAUGUUUACAGCGGCAGGCUGCCA,.((((((((..(((.((((((((((((..(((((((((((.(...(....)...).))))))))))))))))))))))).))))))))))).,CUGGAAGCUGUAAG,(((((((((.(...,GACUUUCGAOGOOO,1
610,hsa-mir-1245b,UUUAUAUGUAGGCCUUUAGAUCACUUAAAGAGUAUUCAACAUCAGAUGAUCUAAAGGCCUAUACAUAAA,.((((.(((((((((((((((((((....((((.....)).)))).))))))))))))))))).)))).,ACUUAAAGAGUAUU,(((....((((...,UGAOOOOCUCAOOO,1
611,hsa-mir-758,GCCUGGAUACAUGAGAUGGUUGACCAGAGAGCACACGCUUUAUUUGUGCCGUUUGUGACCUGGUCCACUAACCCUCAGUAUCUAAUGC,...(((((((.((((.((((.((((((.(.(((.((((.........).))).)))..))))))).))))...)))))))))))....,AGCACACGCUUUAU,.(((.((((.....,OUGUOUGCGOOOOO,1
612,hsa-mir-486-2,UCCUGUACUGAGCUGCCCCGAGCUGGGCAGCAUGAAGGGCCUCGGGGCAGCUCAGUACAGGAUG,((((((((((((((((((((((((...((...))...)).))))))))))))))))))))))..,CCCCGAGCUGGGCA,(((((((((...((,GGGGCUCGGOOOGU,1
613,hsa-mir-1207,GCAGGGCUGGCAGGGAGGCUGGGAGGGGCUGGCUGGGUCUGGUAGUGGGCAUCAGCUGGCCCUCAUUUCUUAAGACAGCACUUCUGU,(((((((((...((((((.((...(((((((((((((((((....))))).))))))))))))))))))))....))))...))))),GGAGGGGCUGGCUG,...(((((((((((,OOOUCCCGGUCGAC,1
614,hsa-mir-6753,CACCAGGGCAGAGCAGGGCUGAUCAUCUCACGUCAGAGAGAGGGGAAGGGGCUGCCCAGUGAGCCCCCACAGGGCUCUACAUCUCCAGCUGGGCCUGGCUGGAGAUCCCAGGGUCCCUGAAGGCCCCCGCCACCGUUCUGGUCUGUCUCUGCCCUGGCACCCAG,..(((((((((((((((.(((((........)))))((((.((((..((((((((((.((((((((.....)))))).))((((((((((......))))))))))....)))).......))))))..)).)).))))..)))).))))))))))).......,GGGCUGAUCAUCUC,((.(((((......,CUOGACUGOOOOOO,1
615,hsa-mir-651,AAUCUAUCACUGCUUUUUAGGAUAAGCUUGACUUUUGUUCAAAUAAAAAUGCAAAAGGAAAGUGUAUCCUAAAAGGCAAUGACAGUUUAAUGUGUUU,...((.(((.((((((((((((((.((((..(((((((............)))))))..)))).)))))))))))))).))).))............,ACUUUUGUUCAAAU,.(((((((......,OGAAAACGOOOOOO,1
616,hsa-mir-7109,GUCUCCUGGGGGGAGGAGACCCUGCUCUCCCUGGCAGCAAGCCUCUCCUGCCCUUCCAGAUUAGC,.....(((((((.((((((..(((((((....)).))).))..)))))).)))..))))......,CCCUGCUCUCCCUG,..(((((((....),OOGACGAGGOOOOU,1
617,hsa-mir-1233-1,GUGAGUGGGAGGCCAGGGCACGGCAGGGGGAGCUGCAGGGCUAUGGGAGGGGCCCCAGCGUCUGAGCCCUGUCCUCCCGCAG,....((((((((.((((((........(((.((((..(((((........))))))))).)))..)))))).))))))))..,CACGGCAGGGGGAG,(........(((.(,GOOOOOOOOUCUOC,1
618,hsa-mir-4524a,GAACGAUAGCAGCAUGAACCUGUCUCACUGCAGAAUUAUUUUGAGACAGGCUUAUGCUGCUAUCCUUCA,(((.(((((((((((((.(((((((((..............))))))))).))))))))))))).))).,UGUCUCACUGCAGA,(((((((.......,ACAGAGUOOOOOOO,1
619,hsa-mir-6871,CUCCUCAUGGGAGUUCGGGGUGGUUGCUGGAGGUCAGCACCCUGUGGCUCCCACAG,.......(((((((((((((((.(.(((...))).).))))))).))))))))...,UGGUUGCUGGAGGU,((.(.(((...))),ACOAOUGGOOOUCG,1
620,hsa-mir-3679,CGUGGUGAGGAUAUGGCAGGGAAGGGGAGUUUCCCUCUAUUCCCUUCCCCCCAGUAAUCUUCAUCAUG,((((((((((((.(((..((((((((((...........)))))))))).)))...)))))))))))),AAGGGGAGUUUCCC,(((((((.......,UUCCCUUOOOOOOO,1
621,hsa-mir-593,CCCCCAGAAUCUGUCAGGCACCAGCCAGGCAUUGCUCAGCCCGUUUCCCUCUGGGGGAGCAAGGAGUGGUGCUGGGUUUGUCUCUGCUGGGGUUUCUCCU,.((((((.......((((.((.((((.((((((((((.....(((((((....)))))))...)))))))))).)))).)).))))))))))........,GCUCAGCCCGUUUC,((((.....(((((,UGAGOOOOOCGAGG,1
622,hsa-mir-3940,GCUUAUCGAGGAAAAGAUCGAGGUGGGUUGGGGCGGGCUCUGGGGAUUUGGUCUCACAGCCCGGAUCCCAGCCCACUUACCUUGGUUACUCUCCUUCCUUCU,.......(((((...((((((((((((((((((((((((.(((((......))))).))))))..)))))))))....)))))))))....)))))......,GGCUCUGGGGAUUU,((((.(((((....,CCGAOACUCUOOOO,1
623,hsa-mir-6832,GGUGGAGUAGAGAGGAAAAGUUAGGGUCAGUGGCAGAGCCAGGCAGAUGCUGACCCUUUUUCUCUUUCCCAG,..(((.(.((((((((((....((((((((((((...)))........))))))))))))))))))))))).,UAGGGUCAGUGGCA,.((((((((((((.,OUCCCAGUCGCCGO,1
624,hsa-mir-889,GUGCUUAAAGAAUGGCUGUCCGUAGUAUGGUCUCUAUAUUUAUGAUGAUUAAUAUCGGACAACCAUUGUUUUAGUAUCC,(((((.(((.(((((.((((((..((.(((((((.........)).)))))))..)))))).))))).))).)))))..,UAUGGUCUCUAUAU,(.(((((((.....,AOAUUAGAGOOOOO,1
625,hsa-mir-374c,ACACGGACAAUGAUAAUACAACCUGCUAAGUGCUAGGACACUUAGCAGGUUGUAUUAUAUCCAUCCGAGU,...((((.....((((((((((((((((((((......)))))))))))))))))))).....))))...,AAGUGCUAGGACAC,(((((......))),UUCACOOOOOOGUG,1
626,hsa-mir-128-1,UGAGCUGUUGGAUUCGGGGCCGUAGCACUGUCUGAGAGGUUUACAUUUCUCACAGUGAACCGGUCUCUUUUUCAGCUGCUUC,.((((.((((((...(((((((...((((((..(((((((....)))))))))))))...)))))))...)))))).)))).,UCUGAGAGGUUUAC,(..(((((((....,AOOCUCUUUAOOOO,1
627,hsa-mir-31,GGAGAGGAGGCAAGAUGCUGGCAUAGCUGUUGAACUGGGAACCUGCUAUGCCAACAUAUUGCCAUCUUUCC,(((((((.(((((.(((.(((((((((.(((........)))..))))))))).))).))))).))))))),CAUAGCUGUUGAAC,((((((.(((....,GUAUCGOCAAOOOO,1
628,hsa-mir-6839,UGUAGUCUGGAUUGAAGAGACGACCCAAGCAGGCUUUGUGUGAGCAGUGAGGCUAUUUAUUCACUUGGGUGCGAGCUCACACGAAGCCUGCUUGGGUUUUCUCUUCAAUCCAG,......((((((((((((((.((((((((((((((((((((((((((((((........)))))).........)))))))))))))))))))))))).)))))))))))))),CGACCCAAGCAGGC,.(((((((((((((,OUUGGGUUCGUCCG,1
629,hsa-mir-33a,CUGUGGUGCAUUGUAGUUGCAUUGCAUGUUCUGGUGGUACCCAUGCAAUGUUUCCACAGUGCAUCACAG,((((((((((((((.(..((((((((((....(((...)))))))))))))..).)))))))))))))),CAUUGCAUGUUCUG,(((((((((....(,GUAACGUACOOOOC,1
630,hsa-mir-29b-2,CUUCUGGAAGCUGGUUUCACAUGGUGGCUUAGAUUUUUCCAUCUUUGUAUCUAGCACCAUUUGAAAUCAGUGUUUUAGGAG,(((((((((((((((((((.((((((.((.((((..............)))))))))))).)))))))))).))))))))),GGCUUAGAUUUUUC,(.((.((((.....,COGAOUCUAOOOOO,1
631,hsa-mir-486-1,GCAUCCUGUACUGAGCUGCCCCGAGGCCCUUCAUGCUGCCCAGCUCGGGGCAGCUCAGUACAGGAUAC,..(((((((((((((((((((((((..................)))))))))))))))))))))))..,CCCCGAGGCCCUUC,(((((((.......,GGGGCUCOOOOOOO,1
632,hsa-mir-34b,GUGCUCGGUUUGUAGGCAGUGUCAUUAGCUGAUUGUACUGUGGUGGUUACAAUCACUAACUCCACUGCCAUCAAAACAAGGCAC,(((((..((((...(((((((...((((.((((((((((.....)).))))))))))))...)))))))....))))..))))),CUGAUUGUACUGUG,.((((((((((...,OACUAACAUGGOOO,1
633,hsa-mir-3689a,CCUGGGAGGUGUGAUAUCAUGGUUCCUGGGAGGUGUGAUCCUGUGCUUCCUGGGAGGUGUGAUAUCGUGGUUCCUGGG,((((((((.((((((((((((.(((((((((((((........))))))))))))).)))))))))))).)))))))),CCUGGGAGGUGUGA,((((((((.(((((,GGGUCCUUOGUGCU,1
634,hsa-mir-181a-1,UGAGUUUUGAGGUUGCUUCAGUGAACAUUCAACGCUGUCGGUGAGUUUGGAAUUAAAAUCAAAACCAUCGACCGUUGAUUGUACCCUAUGGCUAACCAUCAUCUACUCCA,.((((..((((((((((..((.(.(((.((((((..(((((((.((((.((.......)).))))))))))))))))).))).).))..))).)))).)))...))))..,GGUGAGUUUGGAAU,((((.((((.((..,CUACOCAAAOCUOO,1
635,hsa-mir-4685,UAGCCCAGGGCUUGGAGUGGGGCAAGGUUGUUGGUGAUAUGGCUUCCUCUCCCUUCCUGCCCUGGCUAG,(((((.(((((..(((..((((..(((..((((......))))..)))..))))))).)))))))))).,CAAGGUUGUUGGUG,..(((..((((...,OOUCCOOCGGUOOO,1
636,hsa-mir-224,GGGCUUUCAAGUCACUAGUGGUUCCGUUUAGUAGAUGAUUGUGCAUUGUUUCAAAAUGGUGCCCUAGUGACUACAAAGCCC,(((((((..(((((((((.(((.((((((.(.(((((((.....)))))))).)))))).))))))))))))..))))))),CGUUUAGUAGAUGA,(((((.(.((((((,GUAAAOCOUUUGUU,1
637,hsa-mir-6836,GGCUCCGCAGGGCCCUGGCGCAGGCAUCCAGACAGCGGGCGAAUGCCUCCCCCGGCCCCGCAG,......((.(((((..((.(.((((((((........))...)))))))))..))))).))..,CAGGCAUCCAGACA,.((((((((.....,OUCCGUAGGOOOOO,1
638,hsa-mir-377,UUGAGCAGAGGUUGCCCUUGGUGAAUUCGCUUUAUUUAUGUUGAAUCACACAAAGGCAACUUUUGUUUG,..((((((((((((((.(((((((.(((((.........).)))))))).))).)))))))))))))).,UGAAUUCGCUUUAU,(((.(((((.....,ACUOAAGUGOOOOO,1
639,hsa-mir-505,GAUGCACCCAGUGGGGGAGCCAGGAAGUAUUGAUGUUUCUGCCAGUUUAGCGUCAACACUUGCUGGUUUCCUCUCUGGAGCAUC,(((((..((((.(((((((((((.((((.((((((((...........)))))))).)))).))))))))))).)))).))))),UUGAUGUUUCUGCC,((((((((......,AACUGCGAOOOOOO,1
640,hsa-mir-137,GGUCCUCUGACUCUCUUCGGUGACGGGUAUUCUUGGGUGGAUAAUACGGAUUACGUUGUUAUUGCUUAAGAAUACGCGUAGUCGAGGAGAGUACCAGCGGCA,.(.((.((((((((((((((..(((.(((((((((((((.((((((((.....)).))))))))))))))))))).)))..)))))))))))..))).))).,GGAUAAUACGGAUU,(.((((((((....,UOUAUUGUGCOOOO,1
641,hsa-mir-6783,CCUGUUAGGGGAAAAGUCCUGAUCCGGGAACCCACAGCCCCGUUCCUGGGCUUCUCCUCUGUAG,.....(((((((.((((((.((..((((..........)))).))..)))))).)))))))...,GAUCCGGGAACCCA,((..((((......,CUOOGCCCOOOOOO,1
642,hsa-mir-219b,GGAGCUCAGCCACAGAUGUCCAGCCACAAUUCUCGGUUGGCCGCAGACUCGUACAAGAAUUGCGUUUGGACAAUCAGUGGCGAAGCCC,((.(((..(((((.(((((((((.(.((((((((((((.......))).))....))))))).).)))))).))).)))))..))))),AUUCUCGGUUGGCC,((((((((((....,UAAGAGCCAGOOOO,1
643,hsa-mir-3200,GGUGGUCGAGGGAAUCUGAGAAGGCGCACAAGGUUUGUGUCCAAUACAGUCCACACCUUGCGCUACUCAGGUCUGCUCGUGCCCU,((.(((((((.(.(((((((..((((((..((((((((((...)))))).....)))))))))).))))))).).)))).))))),ACAAGGUUUGUGUC,(..((((((((((.,UOOUCCAGACAUAO,1
644,hsa-mir-100,CCUGUUGCCACAAACCCGUAGAUCCGAACUUGUGGUAUUAGUCCGCACAAGCUUGUAUCUAUAGGUAUGUGUCUGUUAGG,((((....((((.(((.((((((.(((.((((((...........)))))).))).)))))).))).)))).....)))),ACUUGUGGUAUUAG,.((((((.......,OGAACACOOOOOOO,1
645,hsa-mir-4743,GCUGGCCGGAUGGGACAGGAGGCAUGAAUGAGCCAUCUUUCCAAUGCCUUUCUGUCUUUUCUGGUCCAG,.(((((((((.(((((((((((((((((.((....)).)))..))))).))))))))).))))).)))),GAGGCAUGAAUGAG,((((((((((.((.,UUCCGUACUUOCUO,1
646,hsa-mir-181b-2,CUGAUGGCUGCACUCAACAUUCAUUGCUGUCGGUGGGUUUGAGUCUGAAUCAACUCACUGAUCAAUGAAUGCAAACUGCGGACCAAACA,....((((((((.....(((((((((..(((((((((((.((.......)))))))))))))))))))))).....))))).)))....,GGUGGGUUUGAGUC,((((((((.((...,UCACUCAAOCUOOO,1
647,hsa-mir-4769,GAGGAGAGGUGGGAUGGAGAGAAGGUAUGAGCUAAAAAUCCCCAAGCUCUGCCAUCCUCCCUCCCCUACUUCUCCCC,..((((((((((((.((((.((.((((.(((((...........))))))))).)))))).))))..))))))))..,GUAUGAGCUAAAAA,(((.(((((.....,CGUOCUCGAOOOOO,1
648,hsa-mir-98,AGGAUUCUGCUCAUGCCAGGGUGAGGUAGUAAGUUGUAUUGUUGUGGGGUAGGGAUAUUAGGCCCCAAUUAGAAGAUAACUAUACAACUUACUACUUUCCCUGGUGUGUGGCAUAUUCA,.((((..((((((((((((((.(((((((((((((((((.((((((((((...........)))))).........)))).))))))))))))))))))))))))))).)))).)))).,UAUUGUUGUGGGGU,(((.((((((((((,AUAOCAAUACCCCG,1
649,hsa-mir-370,AGACAGAGAAGCCAGGUCACGUCUCUGCAGUUACACAGCUCACGAGUGCCUGCUGGGGUGGAACCUGGUCUGUCU,((((((....(((((((..((((((.((((...(((.........))).)))).))))))..))))))))))))),CAGUUACACAGCUC,(((...(((.....,GUCOOOGUGOOOOO,1
650,hsa-mir-125b-1,UGCGCUCCUCUCAGUCCCUGAGACCCUAACUUGUGAUGUUUACCGUUUAAAUCCACGGGUUAGGCUCUUGGGAGCUGCGAGUCGUGCU,.((((..(((.((((.(((((((.(((((((((((..(((((.....))))).))))))))))).))))))).)))).)))..)))).,CUUGUGAUGUUUAC,((((((..(((((.,GGGCACOOUAAAUO,1
651,hsa-mir-4731,CCCUGCCAGUGCUGGGGGCCACAUGAGUGUGCAGUCAUCCACACACAAGUGGCCCCCAACACUGGCAGGG,(((((((((((.((((((((((.((.(((((........))))).)).)))))))))).))))))))))),GAGUGUGCAGUCAU,(.(((((.......,COCACACOOOOOOO,1
652,hsa-mir-190b,UGCUUCUGUGUGAUAUGUUUGAUAUUGGGUUGUUUAAUUAGGAACCAACUAAAUGUCAAACAUAUUCUUACAGCAGCAG,((((.(((((.(((((((((((((((.((((((((......))).))))).)))))))))))))))..))))).)))).,UGGGUUGUUUAAUU,(.((((((((....,AOUCAACAAGOOOO,1
653,hsa-mir-516b-1,UCUCAGGCUGUGACCAUCUGGAGGUAAGAAGCACUUUCUGUUUUGUGAAAGAAAAGAAAGUGCUUCCUUUCAGAGGGUUACUCUUUGAGA,(((((((..((((((.((((((((...((((((((((((.((((.....)))).)))))))))))))))))))).))))))..))))))),GCACUUUCUGUUUU,(((((((((.((((,CGUGAAAGAOAAGA,1
654,hsa-mir-342,GAAACUGGGCUCAAGGUGAGGGGUGCUAUCUGUGAUUGAGGGACAUGGUUAAUGGAAUUGUCUCACACAGAAAUCGCACCCGUCACCUUGGCCUACUUA,.....(((((.((((((((.((((((..((((((..(((((.((((.....)))....).)))))))))))....)))))).)))))))))))))....,UGAUUGAGGGACAU,((..(((((.((((,ACOOACUCUOUGUA,1
655,hsa-mir-3925,GUGGGAAUAGCAAGAGAACUGAAAGUGGAGCCUGUCACAUCUCCAGACUCCAGUUUUAGUUCUCUUGCUAUUUCCAC,((((((((((((((((((((((((.(((((.(((.........))).))))).)))))))))))))))))))))))),GGAGCCUGUCACAU,((((.(((......,CCUCOGACOOOOOO,1
656,hsa-mir-3151,GGGGUGAUGGGUGGGGCAAUGGGAUCAGGUGCCUCAAAGGGCAUCCCACCUGAUCCCACAGCCCACCUGUCACCCC,(((((((((((((((.(..(((((((((((((((....)))).....)))))))))))..)))))))))))))))),AUCAGGUGCCUCAA,(((((((((((...,UAGUCCACGGGOOO,1
657,hsa-mir-4795,UGAUAUGGAAGAAAUCCAGAAGUGGCUAAUAAUAUUGACACUAUAACAAUAAUGUCAAUAUUAUUAGCCACUUCUGGAUUUAUGAAUCA,...........(((((((((((((((((((((((((((((.(((....))).)))))))))))))))))))))))))))))........,AUAUUGACACUAUA,(((((((((.(((.,UAUAACUGUOAUAO,1
658,hsa-mir-6767,UGAAAUCGCAGACAGGGACACAUGGAGAACGCCCCCACCAGUUCCCACGUGCUUCUCUUUCCGCAG,.......((.((.((((((((.(((.((((..........))))))).)))..))))).)).))..,AUGGAGAACGCCCC,.(((.((((.....,OACCOCUUGOOOOO,1
659,hsa-mir-122,CCUUAGCAGAGCUGUGGAGUGUGACAAUGGUGUUUGUGUCUAAACUAUCAAACGCCAUUAUCACACUAAAUAGCUACUGCUAGGC,.((((((((((((((..(((((((.(((((((((((............))))))))))).)))))))..)))))).)))))))).,GUGUUUGUGUCUAA,(((((((.......,CGCAAACOOOOOOO,1
660,hsa-let-7b,CGGGGUGAGGUAGUAGGUUGUGUGGUUUCAGGGCAGUGAUGUUGCCCCUCGGAAGAUAACUAUACAACCUACUGCCUUCCCUG,(((((.(((((((((((((((((((((((.((((((.....))))))...))).....))))))))))))))))))))))))),UGUGGUUUCAGGGC,(((((((((.((((,AUAUCAAGGOCCCG,1
661,hsa-mir-200b,CCAGCUCGGGCAGCCGUGGCCAUCUUACUGGGCAGCAUUGGAUGGAGUCAGGUCUCUAAUACUGCCUGGUAAUGAUGACGGCGGAGCCCUGCACG,...((..((((..((((.(.(((((((((((((((.((((((..((......)))))))).))))))))))).)))).).)))).)))).))...,CAUUGGAUGGAGUC,.((((((..((...,OUAAUCUOOCUOOO,1
662,hsa-mir-6795,AGGGUUGGGGGGACAGGAUGAGAGGCUGUCUUCAUUCCCUCUUGACCACCCCUCGUUUCUUCCCCCAG,.....((((((((..(((((((.((..(((.............)))..)).))))))).)))))))).,AGGCUGUCUUCAUU,.((..(((......,OCCOOCAGOOOOOO,1
663,hsa-mir-129-2,UGCCCUUCGCGAAUCUUUUUGCGGUCUGGGCUUGCUGUACAUAACUCAAUAGCCGGAAGCCCUUACCCCAAAAAGCAUUUGCGGAGGGCG,.((((((((((((((((((((.(((..(((((((((((..........)))))...))))))..))).))))))).))))))))))))).,GGCUUGCUGUACAU,((((((((((....,CCGAACGAUAOOOO,1
664,hsa-mir-199a-2,AGGAAGCUUCUGGAGAUCCUGCUCCGUCGCCCCAGUGUUCAGACUACCUGUUCAGGACAAUGCCGUUGUACAGUAGUCUGCACAUUGGUUAGACUGGGCAAGGGAGAGCA,.....(((.((.....((((((((.(((...(((((((.((((((((.(((.((((......))..)).))))))))))).)))))))...))).)))).))))))))).,CCUGUUCAGGACAA,(.(((.((((....,GOACAOGUCCOOOO,1
665,hsa-mir-6749,GGCCCUCGGGCCUGGGGUUGGGGGAGCUCUGUCCUGUCUCACUCAUUGCUCCUCCCCUGCCUGGCCCAG,.......(((((.((.(..((((((((..((............))..))))))))..).)).)))))..,GGGGAGCUCUGUCC,(((((((..((...,CUCCUCGOOACOOO,1
666,hsa-mir-216b,GCAGACUGGAAAAUCUCUGCAGGCAAAUGUGAUGUCACUGAGGAAAUCACACACUUACCCGUAGAGAUUCUACAGUCUGACA,.(((((((...(((((((((.((.((.((((((.((......)).))))))...)).)).)))))))))...)))))))...,AAUGUGAUGUCACU,(.((((((.((...,UOACACUAOAGOOO,1
667,hsa-mir-5011,AGAUGGUAUUGAGUGGAUGCUGUUAUAUAUACAGCCAUGCACUCUGUAGUUUGGGUACACAGUGCAUGGCUGUAUAUAUAACACUAUCCAUUCAUCUUUCAGC,.((.((...((((((((((.(((((((((((((((((((((((.((((.......)))).))))))))))))))))))))))).)))))))))).)).))...,UGCACUCUGUAGUU,((((((.((((...,ACGUGAOACAUOOO,1
668,hsa-mir-892c,GGCAGUGCCCUAUUCAGAAAGGUGCCAGUCACUUAGAUUACAUGUCACUGUUUCCUUUCUGAGUGGAGUAGGGCUUA,(((..(((.(((((((((((((...((((.((...........)).))))...))))))))))))).)))..)))..,CCAGUCACUUAGAU,.((((.((......,OGUCAOUGOOOOOO,1
669,hsa-mir-4684,GCACCAGGGGUACCUCUCUACUGACUUGCAACAUACAUUUGUCUUGGUGUGUUGCAAGUCGGUGGAGACGUACCCUUGGUGC,(((((((((((((.((((((((((((((((((((((..........)))))))))))))))))))))).))))))))))))),CAACAUACAUUUGU,((((((((......,GUUGUGUGOOOOOO,1
670,hsa-mir-518a-2,UCUCAAGCUGUGGGUCUGCAAAGGGAAGCCCUUUCUGUUGUCUAAAAGAAGAGAAAGCGCUUCCCUUUGCUGGAUUACGGUUUGAGA,(((((((((((((.(((((((((((((((.((((((.((.(.....).)).)))))).)))))))))))).)))))))))))))))),CCCUUUCUGUUGUC,(.((((((.((.(.,GOGAAAGAOAAOAO,1
671,hsa-let-7a-2,AGGUUGAGGUAGUAGGUUGUAUAGUUUAGAAUUACAUCAAGGGAGAUAACUGUACAGCCUCCUAGCUUUCCU,(((..(((.(((.(((((((((((((.........(((......)))))))))))))))).))).))).))),UAUAGUUUAGAAUU,(((((((.......,AUGUCAAOOOOOOO,1
672,hsa-mir-124-1,AGGCCUCUCUCUCCGUGUUCACAGCGGACCUUGAUUUAAAUGUCCAUACAAUUAAGGCACGCGGUGAAUGCCAAGAAUGGGGCUG,.((((((..(((..((((((((.(((..((((((((.............))))))))..))).))))))))..)))..)))))).,CCUUGAUUUAAAUG,((((((((......,GGAAUUAAOOOOOO,1
673,hsa-mir-589,UCCAGCCUGUGCCCAGCAGCCCCUGAGAACCACGUCUGCUCUGAGCUGGGUACUGCCUGUUCAGAACAAAUGCCGGUUCCCAGACGCUGCCAGCUGGCC,.(((((.((......(((((..(((.(((((.(((.((.(((((((.((......)).))))))).)).)))..))))).)))..))))))))))))..,CUCUGAGCUGGGUA,.(((((((.((...,OAGACUUGOCCOOO,1
674,hsa-mir-2682,ACCUUCCUGAAAGAGGUUGGGGCAGGCAGUGACUGUUCAGACGUCCAAUCUCUUUGGGACGCCUCUUCAGCGCUGUCUUCCCUGCCUCUGCCUUUAGGACGAGUCUCAAA,..(.(((((((((((((.((((.((((((((.(((...((.(((((..........))))).))...))))))))))))))).))))))...))))))).).........,AGACGUCCAAUCUC,((.(((((......,UCOGCAGGOOOOOO,1
675,hsa-mir-3682,UAAGUUAUAUAUGUCUACUUCUACCUGUGUUAUCAUAAUAAAGGUGUCAUGAUGAUACAGGUGGAGGUAGAAAUAUAUAACUUA,((((((((((((.(((((((((((((((((((((((.(((....))).))))))))))))))))))))))).)))))))))))),UUAUCAUAAUAAAG,(((((((.(((...,AGUAGUAOUGUOOO,1
676,hsa-mir-4725,GUGUCUCUCUGGAGACCCUGCAGCCUUCCCACCCACCAGGGAGCUUUCCAUGGGCUGUGGGGAAGGCGUCAGUGUCGGGUGAGGGAACAC,(((((((((....(((.(((..((((((((((...(((.(((....))).)))...)).))))))))..))).)))....))))).)))),UCCCACCCACCAGG,((((((...(((.(,AGGGUGOOOGGUOC,1
677,hsa-mir-369,UUGAAGGGAGAUCGACCGUGUUAUAUUCGCUUUAUUGACUUCGAAUAAUACAUGGUUGAUCUUUUCUCAG,.(((.((((((((((((((((..((((((............))))))..)))))))))))))))).))).,UAUUCGCUUUAUUG,((((((........,AUAAGCOOOOOOOO,1
678,hsa-mir-6786,GCCGGGUGGGGCGGGGCGGCCUCAGGAGGGGCCCAGCUCCCCUGGAUGUGCUGCGGUGGGGCCGGAGGGGCGUCACGUGCACCCAAGUGACGCCCCUUCUGAUUCUGCCUCAG,.(((((.(((((.((((..(((....))).)))).)))))))))).....(((.((((((((.(((((((((((((.((....)).))))))))))))).).))))))).))),GGGGCGUCACGUGC,((((((((((.((.,CCCCGCAGUGOACO,1
679,hsa-mir-519d,UCCCAUGCUGUGACCCUCCAAAGGGAAGCGCUUUCUGUUUGUUUUCUCUUAAACAAAGUGCCUCCCUUUAGAGUGUUACCGUUUGGGA,(((((.((.(((((.(((.(((((((.((((((..((((((........)))))))))))).))))))).))).))))).)).))))),UUCUGUUUGUUUUC,(..((((((.....,AOOACAAAUOOOOO,1
680,hsa-mir-548ah,AGGUUGGUGCAAAAGUGAUUGCAGUGUUUGCCAAUAAAAGUAAUGACAAAAACUGCAGUUACUUUUGCACCAGCCC,.((((((((((((((((((((((((.((((.((.((....)).)).)))).)))))))))))))))))))))))).,GUGUUUGCCAAUAA,((.((((.((.((.,CAOAAACOGUOAUO,1
681,hsa-mir-5588,ACUGGCAUUAGUGGGACUUUUUUUUUUUUUUUUUUUAAUGUUAAAAGUCCCACUAAUGCCAGC,.((((((((((((((((((((.....................)))))))))))))))))))).,GACUUUUUUUUUUU,(((((((.......,CUGAAAAOOOOOOO,1
682,hsa-mir-130a,UGCUGCUGGCCAGAGCUCUUUUCACAUUGUGCUACUGUCUGCACCUGUCACUAGCAGUGCAAUGUUAAAAGGGCAUUGGCCGUGUAGUG,.((((((((((((.((((((((.((((((((((.(((...((....))...))).)))))))))).)))))))).))))))).))))).,UGCUACUGUCUGCA,((((.(((...((.,GUGAOGAUOOOUGO,1
683,hsa-mir-4799,ACUGCUAAUAUCUAAAUGCAGCAUGCCAGUCCUGAGAUGCAGGGACUGGCAUGCUGCAUUUAUAUAUUAGCAGU,(((((((((((.(((((((((((((((((((((........))))))))))))))))))))).))))))))))),GCCAGUCCUGAGAU,(((((((((.....,CGGUCAGGGOOOOO,1
684,hsa-mir-494,GAUACUCGAAGGAGAGGUUGUCCGUGUUGUCUUCUCUUUAUUUAUGAUGAAACAUACACGGGAAACCUCUUUUUUAGUAUC,((((((.((((((((((((.((((((((((.(((((.........)).)))))).))))))).)))))))))))))))))),CUUCUCUUUAUUUA,.(((((........,OAAGAGOOOOOOOO,1
685,hsa-mir-6834,GUGAGGGACUGGGAUUUGUGGGGCGAGGAGGGACCUGUACUAGCCAUGGUUCUGAUCACAUAUGUCCCAUCCCUCCAUCAG,(.((((((.((((((.((((....((...((((((............))))))..)).)))).))))))))))))).....,UUUGUGGGGCGAGG,(.((((....((..,GOAUACOOOOCUOO,1
686,hsa-mir-6513,GCUUUGGGAUUGACGCCACAUGUCUCAGGUCCCCAGCUGAGUCAAGUGUCAUCUGUCCCUAGGC,((((.(((((.((.(.(((.((.(((((........))))).)).))).).)).))))).)))),CAUGUCUCAGGUCC,(.((.(((((....,GOACOGAGUCOOOO,1
687,hsa-mir-6835,UGAUGAGGGGGUAGAAAGUGGCUGAAGCGAGAUGUUUGUCUAAAAGCACUUUUCUGUCUCCCAG,......((((((((((((((.((......((((....))))...))))).)))))).)))))..,GCUGAAGCGAGAUG,.((......((((.,OGAOOOOOOUCUGO,1
688,hsa-mir-6715b,GGUUGUGCCCACAGGCACGACUGGUUUGGCAAUUCAGUAAAAAUGCUCAAACCGGCUGUGCCUGUGGACGCAGCCCA,(((((((.(((((((((((.(((((((((((.((......)).))).)))))))).))))))))))).)))))))..,UUUGGCAAUUCAGU,(((((((.((....,AAACCGUOAAOOOO,1
689,hsa-mir-2115,ACUGUCAUCCCACUGCUUCCAGCUUCCAUGACUCCUGAUGGAGGAAUCACAUGAAUUCAUCAGAAUUCAUGGAGGCUAGAAGCAGUAUGAGGAUCAUUUA,......(((((((((((((.(((((((((((...((((((((.............))))))))...))))))))))).))))))))..).))))......,UGAUGGAGGAAUCA,(((((((.......,ACUACUUOOOOOOO,1
690,hsa-mir-4691,GGAGCACUCCCAGGUCCUCCAGGCCAUGAGCUGCGGCCCUGAUGUCUCUACUCCAGCCACGGACUGAGAGUGCAUAGGAGUGUCC,(((.((((((...((.((((((.((.((.((((.((....((....))..)).)))))).)).))).))).))...))))))))),GCUGCGGCCCUGAU,((((.((....((.,CGACOUCOOOOCUO,1
691,hsa-mir-3129,GUACUUGGGCAGUAGUGUAGAGAUUGGUUUGCCUGUUAAUGAAUUCAAACUAAUCUCUACACUGCUGCCCAAGAGC,...((((((((((((((((((((((((((((..(........)..))))))))))))))))))))))))))))...,UUGGUUUGCCUGUU,((((((((..(...,AAUCAAACOOAOOO,1
692,hsa-mir-6768,CCAGGCACACAGGAAAAGCGGGGCCCUGGGUUCGGCUGCUACCCCAAAGGCCACAUUCUCCUGUGCACACAG,.......(((((((.((....((((.((((...(....)...))))..))))...)).))))))).......,GGCCCUGGGUUCGG,((((.((((...(.,CCGGOACCCOOOCO,1
693,hsa-mir-3192,GGAAGGGAUUCUGGGAGGUUGUAGCAGUGGAAAAAGUUCUUUUCUUCCUCUGAUCGCCCUCUCAGCUCUUUCCUUCU,((((((((..((((((((.((...(((.((((.(((....))).)))).)))..)).))))))))....)))))))),AGUGGAAAAAGUUC,((.((((.(((...,UCOCCUUOUUUOOO,1
694,hsa-mir-5571,AUCUGACACAAAAUGUGAACCAAGCAAUUCUCAAAGGAGCCUCCCAGGAAAUUCACUUUAGGAAGUCCUAGGAGGCUCCUCUGAGAGUUGCUAAAACAAAACAUUGAGAGUCC,....(((.(..(((((......(((((((((((.((((((((((.((((..(((......)))..)))).)))))))))).)))))))))))........)))))..).))).,GCCUCCCAGGAAAU,((((((.((((..(,CGGAGGOUCCUOOA,1
695,hsa-mir-5585,UGAAGUACCAGCUACUCGAGAGGUCAGAGGAUUGCUCCUGAAUAGCUGGGACUACAGGU,((.(((.(((((((.(((.((((((....)))..))).))).))))))).))).))...,UCGAGAGGUCAGAG,(((.((((((....,AGUOCUCUAGOOOO,1
696,hsa-mir-548ao,AACUAUUCUUAGGUUGAUGCAGAAGUAACUACGGUUUUUGCAGUUGAAAGUAAUGGCAAAGACCGUGACUACUUUUGCAACAGCCUAAUAGUUUCU,((((((...(((((((.((((((((((..((((((((((((.((((....)))).))))))))))))..)))))))))).)))))))))))))...,UUUUGCAGUUGAAA,((((((.((((...,GAAACGOUAAUOOO,1
697,hsa-mir-4712,GACAGGAUUCCAGUACAGGUCUCUCAUUUCCUUCAUGAUUAGGAAUACUACUUUGAAAUGAGAGACCUGUACUGUAUCUGUU,((((((....((((((((((((((((((((......((.(((.....))).)).))))))))))))))))))))..)))))),UCAUUUCCUUCAUG,(((((((......(,AGUAAAGOOOOOOU,1
698,hsa-mir-4661,UUUACUCUGAACUAGCUCUGUGGAUCCUGACAGACAGCCUGAUAGACAGGAUCCACAGAGCUAGUCCAGAGUAAA,.((((((((.(((((((((((((((((((.(((.....))).....))))))))))))))))))).)))))))).,UCCUGACAGACAGC,(((((.(((.....,AGGACOGUCOOOOO,1
699,hsa-mir-4757,UUCCAGCCCGAGGCCUCUGUGACGUCACGGUGUCUGCGGGAGGAGACCAUGACGUCACAGAGGCUUCGCGCUCUGAG,....(((.(((((((((((((((((((.(((.(((......))).))).))))))))))))))))))).))).....,ACGGUGUCUGCGGG,(.(((.(((.....,UOCCAOAGGOOOOO,1
700,hsa-mir-4677,GCAAAGCAGCAAUUGUUCUUUGGUCUUUCAGCCAUGACCUGACCUUCUGUCUGUGAGACCAAAGAACUACUUUGCUUGGC,((.((((((.....(((((((((((((.(((.((.((........)))).))).)))))))))))))....)))))).)),UCAGCCAUGACCUG,.(((.((.((....,OGUCOGUOCUOOOO,1
701,hsa-mir-513c,GCGUACAGUGCCUUUCUCAAGGAGGUGUCGUUUAUGUGAACUAAAAUAUAAAUUUCACCUUUCUGAGAAGAGUAAUGUACAGCA,(((((((.(((.(((((((.(((((((..((((((((........))))))))..))))))).))))))).))).))))).)).,CGUUUAUGUGAACU,.((((((((.....,OUAAAUAUAOOOOO,1
702,hsa-mir-6732,AGGCCUAGGGGGUGGCAGGCUGGCCAUCAGUGUGGGCUAACCCUGUCCUCUCCCUCCCAG,.((...((((((.((((((.(((((.........)))))..)))).)).)))))).))..,GCUGGCCAUCAGUG,(.(((((.......,COAUCGGOOOOOOO,1
703,hsa-mir-671,GCAGGUGAACUGGCAGGCCAGGAAGAGGAGGAAGCCCUGGAGGGGCUGGAGGUGAUGGAUGUUUUCCUCCGGUUCUCAGGGCUCCACCUCUUUCGGGCCGUAGAGCCAGGGCUGGUGC,(((...(..(((((.((((.((((((((.(((.((((((..(((((((((((.((.......)).)))))))))))))))))))).)))))))).)))).....)))))..)...))),GCUGGAGGUGAUGG,((((((((.((...,UGGCCUCCOUUOOO,1
704,hsa-mir-3059,AGGUGGUACACCCUUUCCUCUCUGCCCCAUAGGGUGUAGCUCUAACUACCCUCUAGGGAAGAGAAGGUUGGGUGAACAGCCU,((((.((.(((((...(((((((..(((.(((((.((((......)))).)))))))).)))).)))..))))).)).)))),AGGGUGUAGCUCUA,((((.((((.....,UCUCOCAUCOOOOO,1
705,hsa-mir-3156-2,UGCAGAAGAAAGAUCUGGAAGUGGGAGACACUUUCACUAUAUAUAGUGGCUCCCACUUCCAGAUCUUUCUCUCUGUA,(((((((((((((((((((((((((((.((((............)))).))))))))))))))))))))).)))))),GGAGACACUUUCAC,((((.((((.....,CCUCOGUGAOOOOO,1
706,hsa-mir-181a-2,AGAAGGGCUAUCAGGCCAGCCUUCAGAGGACUCCAAGGAACAUUCAACGCUGUCGGUGAGUUUGGGAUUUGAAAAAACCACUGACCGUUGACUGUACCUUGGGGUCCUUA,.((((((((....)))...))))).(((((((((((((.(((.((((((..(((((((.((((...........))))))))))))))))).))).))))))))))))).,GGUGAGUUUGGGAU,((((.((((.....,UCACOCAAAOOOOO,1
707,hsa-mir-6821,GUGCGUGGUGGCUCGAGGCGGGGGUGGGGGCCUCGCCCUGCUUGGGCCCUCCCUGACCUCUCCGCUCCGCACAG,(((((.(((((...(((((((((...(((((((.((...))..)))))))))))).)))).))))).)))))..,GGCGGGGGUGGGGG,(((((((...((((,CCGUCCCOOOUCCC,1
708,hsa-mir-516a-2,UCUCAGGUUGUGACCUUCUCGAGGAAAGAAGCACUUUCUGUUGUCUGAAAGAAAAGAAAGUGCUUCCUUUCAGAGGGUUACGGUUUGAGA,(((((((((((((((((((.((((...((((((((((((....(((...)))..)))))))))))))))).))))))))))))))))))),CACUUUCUGUUGUC,((((((((....((,GUGAAAGAOOOOAG,1
709,hsa-mir-6824,GAGGUGUAGGGGAGGUUGGGCCAGGGAUGCCUUCACUGUGUCUCUCUGGUCUUGCCACCCCAG,........((((.(((.((((((((((.(((......).)).)))))))))).))).))))..,CCAGGGAUGCCUUC,(((((((.(((...,GGUCUCUOUGGOOO,1
710,hsa-mir-1180,GCUGCUGGACCCACCCGGCCGGGAAUAGUGCUCCUGGUUGUUUCCGGCUCGCGUGGGUGUGUCGGCGGC,((((((((((((((.(((((((((((((..(....).))))))))))).)).))))))...)))))))),GGGAAUAGUGCUCC,((((((((..(...,CCUUUGUUOOGOOO,1
711,hsa-mir-30c-2,AGAUACUGUAAACAUCCUACACUCUCAGCUGUGGAAAGUAAGAAAGCUGGGAGAAGGCUGUUUACUCUUUCU,(((....(((((((.(((...(((((((((..............))))))))).))).)))))))....))),UCUCAGCUGUGGAA,((((((((......,AGGGUCGAOOOOOO,1
712,hsa-mir-204,GGCUACAGUCUUUCUUCAUGUGACUCGUGGACUUCCCUUUGUCAUCCUAUGCCUGAGAAUAUAUGAAGGAGGCUGGGAAGGCAAAGGGACGUUCAAUUGUCAUCACUGGC,.....((((..........(((((...(((((.((((((((((.(((((.((((...............))))))))).)))))))))).)))))...))))).))))..,UAUGCCUGAGAAUA,((.((((.......,GUOCGGAOOOOOOO,1
713,hsa-mir-185,AGGGGGCGAGGGAUUGGAGAGAAAGGCAGUUCCUGAUGGUCCCCUCCCCAGGGGCUGGCUUUCCUCUGGUCCUUCCCUCCCA,.(((((.((((((((((((.(((((.(((((((((..((......)).))))))))).))))))))))))))))).))))).,UUCCUGAUGGUCCC,((((((..((....,GGGGACOOCCOOOO,1
714,hsa-mir-6511a-4,CCUGCAGGCAGAAGUGGGGCUGACAGGGCAGAGGGUUGCGCCCCCUCACCAUCCCUUCUGCCUGCAG,.(((((((((((((.((((.(((..((((..........))))..)))))..))))))))))))))),UGACAGGGCAGAGG,(((..((((.....,ACUOOCCCGOOOOO,1
715,hsa-mir-135a-1,AGGCCUCGCUGUUCUCUAUGGCUUUUUAUUCCUAUGUGAUUCUACUGCUCACUCAUAUAGGGAUUGGAGCCGUGGCGCACGGCGGGGACA,...(((((((((.(.((((((((((..((((((((((((.............)))))))))))).)))))))))).).)))))))))...,UAUGUGAUUCUACU,(((((((.......,AUAUACUOOOOOOO,1
716,hsa-mir-5589,GGCUGGGUGCUCUUGUGCAGUGAGCAACCUACACAACUGCACAUGGCAACCUAGCUCCCA,(((((((((((..((((((((..............)))))))).))).))))))))....,GUGCAGUGAGCAAC,(((((((.......,CACGUCAOOOOOOO,1
717,hsa-mir-6756,ACCCUAGGGUGGGGCUGGAGGUGGGGCUGAGGCUGAGUCUUCCUCCCCUUCCUCCCUGCCCAG,......((((((((..(((((.((((..(((((...)))))..))))))))).))))))))..,UGGGGCUGAGGCUG,.((((..(((((..,OCCCUOOUUCUGOO,1
718,hsa-mir-7153,UGAGAACUGACAAAUGUGGUAGGUGGUCGAAGUCAUCCACACCAUGGACGGUUUACC,...((((((.....((((((..((((..(....)..))))))))))..))))))...,UGGUAGGUGGUCGA,((((..((((..(.,ACCAOOCACCOOCO,1
719,hsa-mir-3928,GCUGAAGCUCUAAGGUUCCGCCUGCGGGCAGGAAGCGGAGGAACCUUGGAGCUUCGGC,(((((((((((((((((((..((((.........)))).))))))))))))))))))),CGCCUGCGGGCAGG,(..((((.......,GOOGGCGOOOOOOO,1
720,hsa-mir-9-2,GGAAGCGAGUUGUUAUCUUUGGUUAUCUAGCUGUAUGAGUGUAUUGGUCUUCAUAAAGCUAGAUAACCGAAAGUAAAAACUCCUUCA,.((((.(((((.((((.(((((((((((((((.((((((.(.......))))))).))))))))))))))).)))).))))))))).,UGUAUGAGUGUAUU,(.((((((.(....,AOAUACUUOCOOOO,1
721,hsa-mir-32,GGAGAUAUUGCACAUUACUAAGUUGCAUGUUGUCACGGCCUCAAUGCAAUUUAGUGUGUGUGAUAUUUUC,(((((((((((((((.(((((((((((((..((....))..).))))))))))))))))))))))))))),AGUUGCAUGUUGUC,(((((((((..((.,UUAACGUACOOCGO,1
722,hsa-mir-183,CCGCAGAGUGUGACUCCUGUUCUGUGUAUGGCACUGGUAGAAUUCACUGUGAACAGUCUCAGUCAGUGAAUUACCGAAGGGCCAUAAACAGAGCAGAGACAGAUCCACGA,.((..((.(.((.(((.((((((((.((((((.((((((..(((((((((((......)))..))))))))))))..)).)))))).))))))))))).)).)))..)).,AUUCACUGUGAACA,(((((((((((...,UAAGUGACACUOOO,1
723,hsa-mir-4639,UUGCUAAGUAGGCUGAGAUUGAUGUCAGGUUAUCCCCAAGCAUAACCUCACUCUCACCUUGCUUUGCAG,.(((.(((((((.(((((.(((.....((((((........))))))))).))))).))))))).))).,AGAUUGAUGUCAGG,(((.(((.....((,UCUOACUOOOOOCC,1
724,hsa-mir-6809,AAUGUUGGCAAGGAAAGAAGAGGAUCAUGUUUGCCCCCGUGGACAGCUCUCUGGUGUGCUCCUCCUGCCAUCCUGCCCACCCCUGCAUAAUGCUGCUUCUCUUCUCUCCUUCCCAG,.....(((.(((((.(((((((((.(((((((((....((((.(((......((((.((.......))))))))).))))....))).)))).)).))))))))).))))).))).,AGGAUCAUGUUUGC,((((.(((((((((,UCUUOGUGUAAACG,1
725,hsa-mir-514b,CAUGUGGUACUCUUCUCAAGAGGGAGGCAAUCAUGUGUAAUUAGAUAUGAUUGACACCUCUGUGAGUGGAGUAACACAUG,((((((.((((((.(((((((((....(((((((((........)))))))))...))))).)))).)))))).)))))),CAAUCAUGUGUAAU,(((((((((.....,GUUAGUAUAOOOOO,1
726,hsa-mir-6830,GUGCCCCAAGGAAGGAGGCUGGACAUCCCUCAUCUGUUUCUCACUGGUGUCUUUCUUCUCUCCCUUGCAG,......(((((.((((((..(((((((..................)))))))..)))).)).)))))...,GGACAUCCCUCAUC,(((((((.......,UCUGUGGOOOOOOO,1
727,hsa-mir-548a-3,CCUAGAAUGUUAUUAGGUCGGUGCAAAAGUAAUUGCGAGUUUUACCAUUACUUUCAAUGGCAAAACUGGCAAUUACUUUUGCACCAACGUAAUACUU,..........(((((.((.(((((((((((((((((.((((((.(((((......))))).)))))).))))))))))))))))).)).)))))...,UUUUACCAUUACUU,((((.(((((....,AAAAOGGUAAOOOO,1
728,hsa-mir-6853,GGGAAAGCGUGGGAUGUCCAUGAAGUCAGGUGAUGGUGAUAAGGUCAAGGCCUGUUCAUUGGAACCCUGCGCAG,......(((((((...((((((((..(((((..(((........)))..))))))))).))))..)))))))..,AAGUCAGGUGAUGG,((..(((((..(((,UUOOGUCCGOOACU,1
729,hsa-mir-182,GAGCUGCUUGCCUCCCCCCGUUUUUGGCAAUGGUAGAACUCACACUGGUGAGGUAACAGGAUCCGGUGGUUCUAGACUUGCCAACUAUGGGGCGAGGACUCAGCCGGCAC,..((((((.(((((.((((((..(((((((...((((((...((((((..............))))))))))))...)))))))..)))))).)))).)..)).))))..,UCACACUGGUGAGG,...((((((.....,OOOGUGGCCOOOOO,1
730,hsa-mir-659,UACCGACCCUCGAUUUGGUUCAGGACCUUCCCUGAACCAAGGAAGAGUCACAGUCUCUUCCUUGGUUCAGGGAGGGUCCCCAACAAUGUCCUCAUGG,...........(((...(((..(((((((((((((((((((((((((.......)))))))))))))))))))))))))..)))...))).......,CCAAGGAAGAGUCA,(((((((((((...,GGUUCCUUCUCOOO,1
731,hsa-mir-6797,CAGCCAGGAGGGAAGGGGCUGAGAACAGGACCUGUGCUCACUGGGGCCUGCAUGACCCUUCCCUCCCCACAG,......(((((((((((..((....((((.(((..........)))))))))...)))))))))))......,AACAGGACCUGUGC,..((((.(((....,OOGUCCOGGGOOOO,1
732,hsa-mir-338,UCUCCAACAAUAUCCUGGUGCUGAGUGAUGACUCAGGCGACUCCAGCAUCAGUGAUUUUGUUGAAGA,(((.((((((.(((((((((((((((.............))).))))))))).))).)))))).))),CUGAGUGAUGACUC,((((((........,GACUCAOOOOOOOO,1
733,hsa-mir-550b-2,AGAGACUCGCUGGAGAUGUGCCUGAGGGAGUAAGACACUAUCUGACAACAACAGGGCUCUUACUCCCUCAGGCACUGCACCAGCCAGCAAAGCAUCA,.....((.(((((....((((((((((((((((((.....((((.......))))..))))))))))))))))))....))))).))..........,UAAGACACUAUCUG,(((((.....((((,AUUCUOOOOOGGAC,1
734,hsa-mir-6801,UGGCCUGGUCAGAGGCAGCAGGAAAUGAGAGUUAGCCAGGAGCUUUGCAUACUCACCCCUGCCACUCACUGGCCCCCAG,(((...((((((.((..(((((...((((.((.(((.....)))..))...))))..)))))..))..)))))).))).,GAAAUGAGAGUUAG,(...((((.((.((,COOOACUCOCGOUC,1
735,hsa-mir-33b,GCGGGCGGCCCCGCGGUGCAUUGCUGUUGCAUUGCACGUGUGUGAGGCGGGUGCAGUGCCUCGGCAGUGCAGCCCGGAGCCGGCCCCUGGCACCAC,(((((((((.(((.((((((((((((..(((((((((.(((.....))).)))))))))..)))))))))).))))).))).))))...)).....,GCAUUGCACGUGUG,(((((((((.(((.,CGUGACGUGOGCGO,1
736,hsa-mir-26a-2,GGCUGUGGCUGGAUUCAAGUAAUCCAGGAUAGGCUGUUUCCAUCUGUGAGGCCUAUUCUUGAUUACUUGUUUCUGGAGGCAGCU,((((((..(((((..(((((((((.((((((((((..............)))))))))).)))))))))..)))))..)))))),AUAGGCUGUUUCCA,(((((((.......,UAUCCGGOOOOOOO,1
737,hsa-mir-5000,CUGAAGAGUAGAGUGUGUGGUCCCAGUUCAGAAGUGUUCCUGAGUAACUUGUGCUUAUAACUCAGGACACUUCUGAACUUGGACCAUACAGGUCUCCCUGCUU,.....((((((((((((((((((.(((((((((((((.(((((((..............)))))))))))))))))))).))))))))))...)))..))))),CCUGAGUAACUUGU,(((((((.......,GGACUCAOOOOOOO,1
738,hsa-mir-585,UGGGGUGUCUGUGCUAUGGCAGCCCUAGCACACAGAUACGCCCAGAGAAAGCCUGAACGUUGGGCGUAUCUGUAUGCUAGGGCUGCUGUAACAA,...........((.((((((((((((((((.((((((((((((((.(..........).)))))))))))))).)))))))))))))))).)).,GCCCAGAGAAAGCC,((((((.(......,CGGGUUOCOOOOOO,1
739,hsa-mir-6775,GAACCUCGGGGCAUGGGGGAGGGAGGCUGGACAGGAGAGGGCUCACCCAGGCCCUGUCCUCUGCCCCAG,.......((((((.((((.((((...((((....(((....)))..)))).)))).)))).))))))..,AGGCUGGACAGGAG,...((((....(((,OOOGACCOOOOCUC,1
740,hsa-mir-4529,AUGACAGGCCAUCAGCAGUCCAAUGAAGACAUGAAGACCCAAUGUCUUCAUUGGACUGCUGAUGGCCCGUCACUGGGA,.((((.((((((((((((((((((((((((((.........)))))))))))))))))))))))))).))))......,CAAUGAAGACAUGA,((((((((((((..,GUUACUUCUGUAOO,1
741,hsa-let-7f-1,UCAGAGUGAGGUAGUAGAUUGUAUAGUUGUGGGGUAGUGAUUUUACCCUGUUCAGGAGAUAACUAUACAAUCUAUUGCCUUCCCUGA,((((.(.((((((((((((((((((((((((((((((.....))))))).........))))))))))))))))))))))).))))),UAUAGUUGUGGGGU,((((((((((((((,AUAUCAAUAUCCCA,1
742,hsa-mir-548f-1,AUUAGGUUGGUGCAAAAGUAAUCACAGUUUUUGACAUUACUUUCAAAGACAAAAACUGUAAUUACUUUUGGACCAACCUAAUAG,(((((((((((.((((((((((.((((((((((................)))))))))).)))))))))).)))))))))))..,AGUUUUUGACAUUA,((((((((......,UCAAAAACOOOOOO,1
743,hsa-mir-3160-1,GGACCUGCCCUGGGCUUUCUAGUCUCAGCUCUCCUCCAGCUCAGCUGGUCAGGAGAGCUGAGACUAGAAAGCCCAGGGCAGGUUC,((((((((((((((((((((((((((((((((((((((((...)))))..))))))))))))))))))))))))))))))))))),GCUCUCCUCCAGCU,(((((((((((((.,CGAGAGGAGGUCGO,1
744,hsa-mir-6776,CGGGCUCUGGGUGCAGUGGGGGUUCCCACGCCGCGGCAACCACCACUGUCUCUCCCCAG,.(((....(((.(((((((.((((.((.......)).)))).))))))))))..)))..,GGGGGUUCCCACGC,((.((((.((....,CCOCCAAOGGOOOO,1
745,hsa-mir-3680-2,AAAUUUAAGGAGGGACUCACUCACAGGAUUGUGCAAAUGCAAAGUUGGCUUUUGCAUGACCCUGGGAGUAGGUGCCUCCUUAAAUUU,(((((((((((((.(((.((((.((((.(((((((((.((.......)).))))))))).)))).)))).))).))))))))))))),UUGUGCAAAUGCAA,(((((((((.((..,AGUACGUUUOCGOO,1
746,hsa-mir-301b,GCCGCAGGUGCUCUGACGAGGUUGCACUACUGUGCUCUGAGAAGCAGUGCAAUGAUAUUGUCAAAGCAUCUGGGACCA,.((.((((((((.((((((.((((((((.((...........)).))))))))....)))))).))))))))))....,CACUACUGUGCUCU,((((.((.......,GUGAOGAOOOOOOO,1
747,hsa-mir-548ad,CUGUUAGGUUGGUGCAAAAGUAAUUGUGGUUUUUGAAAGUAACUUGGCGAAAACGACAAUGACUUUUGCACCAAUCUAAUAC,.((((((((((((((((((((.(((((.(((((((.(((...)))..))))))).))))).)))))))))))))))))))).,GUUUUUGAAAGUAA,(((((((.(((...,CAAAAGCOUUCOOO,1
748,hsa-mir-6773,GGGAGUUGGGCCCAGGAGUAAACAGGAUUAGUGCUUAUGCUAAGAUGUCUUCACUGUCACUUCUCUGCCCAUAG,......(((((..((((((..((((((......((((...))))......)).)))).))))))..)))))...,ACAGGAUUAGUGCU,((((((......((,UGUCCUOOOOOOGA,1
749,hsa-mir-6774,UGUGCACUUGGGCAGGAGGGACCCUGUAUGUCUCCCCGCAGCACCGUCAUCGUGUCCCUCUUGUCCACAG,........((((((((((((((..((.(((.(.............).))))).))))))))))))))...,CUGUAUGUCUCCCC,.((.(((.(.....,OGCOUACOGOOOOO,1
750,hsa-mir-4774,UAUAUUGUUGUCUGGUAUGUAGUAGGUAAUAACUGACAAACAGACAAUUGCCUAACAUGUGCCAGAAAACAACAUA,....(((((.((((((((((..((((((((..(((.....)))...))))))))..)))))))))).)))))....,GUAAUAACUGACAA,(((((..(((....,CGUUAOOGACOOOO,1
751,hsa-mir-6761,UCUGCUCUGAGAGAGCUCGAUGGCAGGUGCCUCCGUGUUGCCGAACCCUCCUACGCUGCUCUCUCACUCCAG,.(((...(((((((((.((..((.(((.(..((.((...)).)).))))))..))..)))))))))...))),AUGGCAGGUGCCUC,..((.(((.(..((,OOCCOUCCOCOOAG,1
752,hsa-mir-5587,AUGGUCACCUCCGGGACUCAGCCCUGUGCUGAGCCCCGGGCAGUGUGAUCAUC,(((((((((((((((.((((((.....)))))).)))))..)).)))))))).,CGGGACUCAGCCCU,((((.((((((...,GCCCOGAGUCGOOO,1
753,hsa-mir-515-1,UCUCAUGCAGUCAUUCUCCAAAAGAAAGCACUUUCUGUUGUCUGAAAGCAGAGUGCCUUCUUUUGGAGCGUUACUGUUUGAGA,(((((.(((((.((.(((((((((((.((((..((((((.......)))))))))).))))))))))).)).))))).))))),CUUUCUGUUGUCUG,(..((((((.....,GOOAGACGAOOOOO,1
754,hsa-mir-141,CGGCCGGCCCUGGGUCCAUCUUCCAGUACAGUGUUGGAUGGUCUAAUUGUGAAGCUCCUAACACUGUCUGGUAAAGAUGGCUCCCGGGUGGGUUC,.((((.((((.(((.(((((((((((.(((((((((((...((.......))...))).))))))))))))..)))))))..))))))).)))).,UGUUGGAUGGUCUA,(((((((...((..,ACAACCUOOOAGOO,1
755,hsa-mir-548t,AGGGUGGUGCAAAAGUGAUCGUGGUUUUUGCAAUUUUUUAAUGACAAAAACCACAAUUACUUUUGCACCAACCU,(((.(((((((((((((((.((((((((((..(((....)))..)))))))))).))))))))))))))).))),GUUUUUGCAAUUUU,(((((((..(((..,CAAAAACOOUAAOO,1
756,hsa-mir-4536-2,AUGUGGUAGAUAUAUGCACGAUAUAGGUAUGUAUGUAUGUAUGUAUAAAAGCAGGGCAGUAUAUAUAUCGUGCAUAUAUCUACCACAU,(((((((((((((((((((((((((.((((...(((.(((.(......).)))..))))))).))))))))))))))))))))))))),GCACGAUAUAGGUA,((((((((((.(((,CGUGCUAUAUOUAU,1
757,hsa-mir-1537,ACAGCUGUAAUUAGUCAGUUUUCUGUCCUGUCCACACAGAAAACCGUCUAGUUACAGUUGU,((((((((((((((.(.(((((((((.........))))))))).).)))))))))))))),GUUUUCUGUCCUGU,(((((((((.....,CAAAAGACAOOOOO,1
758,hsa-mir-151a,UUUCCUGCCCUCGAGGAGCUCACAGUCUAGUAUGUCUCAUCCCCUACUAGACUGAAGCUCCUUGAGGACAGGGAUGGUCAUACUCACCUC,.((((((.((((((((((((..((((((((((.(........).)))))))))).)))))))))))).)))))).(((.......)))..,GUCUAGUAUGUCUC,((((((((.(....,CAGAUCAUOCOOOO,1
759,hsa-mir-223,CCUGGCCUCCUGCAGUGCCACGCUCCGUGUAUUUGACAAGCUGAGUUGGACACUCCAUGUGGUAGAGUGUCAGUUUGUCAAAUACCCCAAGUGCGGCACAUGCUUACCAG,.((((......((((((((.((((..(.((((((((((((((......(((((((.........))))))))))))))))))))).)..)))).))))).)))...)))),CUGAGUUGGACACU,((......((((((,GAOOOOOOCUGUGA,1
760,hsa-mir-6826,CUUGGUCAAUAGGAAAGAGGUGGGACCUCCUGGCUUUUCCUCUGCAGCAUGGCUCGGACCUAGUGCAAUGUUUAAGCUCCCCUCUCUUUCCUGUUCAG,.......(((((((((((((.((((.......((((...(..((((....((......))...))))..)...)))))))).)))))))))))))...,GGGACCUCCUGGCU,((((.......(((,CCCUOOOOOOOCGA,1
761,hsa-mir-5583-2,AAACUAAUAUACCCAUAUUCUGAUGAUCACCUAGCCAGAAUAUGGGUAUAUUAGUUUGG,((((((((((((((((((((((.............))))))))))))))))))))))..,UAUUCUGAUGAUCA,(((((((.......,AUAAGACOOOOOOO,1
762,hsa-mir-6770-1,UAUCCUGAGAAGGCACAGCUUGCACGUGACCUCCUGGGCCUGGCGGCUGUGUCUUCACAG,....(((.((((((((((((.((.((.(.((....)).).)))))))))))))))).))),CACGUGACCUCCUG,(.((.(.((....),GOGUOCOGGOOOOC,1
763,hsa-mir-616,UUAGGUAAUUCCUCCACUCAAAACCCUUCAGUGACUUCCAUGACAUGAAAUAGGAAGUCAUUGGAGGGUUUGAGCAGAGGAAUGACCUGUUUUAAAA,.(((((.(((((((..((((((.((((((((((((((((((........)).))))))))))))))))))))))..))))))).)))))........,GUGACUUCCAUGAC,(((((((((((...,UACUGAAGGUAOOO,1
764,hsa-mir-518e,UCUCAGGCUGUGACCCUCUAGAGGGAAGCGCUUUCUGUUGGCUAAAAGAAAAGAAAGCGCUUCCCUUCAGAGUGUUAACGCUUUGAGA,((((((((..((((.((((.((((((((((((((((...............)))))))))))))))).)))).))))..)).)))))),CUUUCUGUUGGCUA,((((((........,GAAAGAOOOOOOOO,1
765,hsa-mir-6794,GGGCGCAGGGGGACUGGGGGUGAGCAGGCCCAGAACCCAGCUCGUGCUCACUCUCAGUCCCUCCCUAG,(((....(((((((((((((((((((.(..(........)..).))))))))))))))))))))))..,GGUGAGCAGGCCCA,((((((((.(..(.,UCACUCGUOCOOGO,1
766,hsa-mir-6879,CAGAGCAGGGCAGGGAAGGUGGGAGAGGGGCCCAGCUGACCCUCCUGUCACCCGCUCCUUGCCCAG,.......(((((((((.(((((.((((((..........)))).)).)))))...)))))))))..,GGGAGAGGGGCCCA,((.((((((.....,CUOUCUCCCOOOOO,1
767,hsa-mir-5007,GGUAAACCUUGGUGACUAAUUAGAGUCUGGCUGAUAUGGUUUGACACAGAGCUAAAUCAUAUGAACCAAACUCUAAUUAGUCAAUAAUUUCUGUU,............((((((((((((((.(((.(.((((((((((.(.....).)))))))))).).))).))))))))))))))............,AUGGUUUGACACAG,((((((((.(....,UACUAAAUOGOOOO,1
768,hsa-mir-3688-2,UCACUUUAAAGAGUGGCAAAGUCUUUCCAUAUGUGUAACAGACAUACAUACAUACAUAUGGAAAGACUUUGCCACUCUUGAAAGUGA,(((((((.((((((((((((((((((((((((((((...............)))))))))))))))))))))))))))).))))))),UCCAUAUGUGUAAC,(((((((((((...,AGGUAUACAUAOOO,1
769,hsa-mir-6823,CAAGGUCAGGGUUGGUAGGGGUUGCUGUUGCUGUGAAAGCUGAGCCUCUCCUUCCCUCCAG,...((..((((..((.(((((((......(((.....)))..)))))))))..))))))..,GGUUGCUGUUGCUG,((((......(((.,CCGAOOOOOOCGAO,1
770,hsa-mir-122b,CAGUAGCUAUUUAGUGUGAUAAUGGCGUUUGAUAGUUUAGACACAAACACCAUUGUCACACUCCACAGCUCUG,(((.((((....(((((((((((((.(((((...((....)).))))).)))))))))))))....))))))),CGUUUGAUAGUUUA,.(((((...((...,OCAAACOOOCAOOO,1
771,hsa-mir-6793,GUCACUGUGGGUUCUGGGUUGGGGUGAUACACAAGCCUGACCCUCCCCAACCCCUGCCCGCAG,....((((((((...(((((((((.(...((......))...).)))))))))..)))))))),GGGGUGAUACACAA,((((.(...((...,CCCCOCOOOGUOOO,1
772,hsa-let-7i,CUGGCUGAGGUAGUAGUUUGUGCUGUUGGUCGGGUUGUGACAUUGCCCGCUGUGGAGAUAACUGCGCAAGCUACUGCCUUGCUA,.((((.(((((((((((((((((.(((((.(((((.........)))))))........))).))))))))))))))))))))),UGCUGUUGGUCGGG,(((.(((((.((((,GCGOCAAUCOGCCC,1
773,hsa-mir-371a,GUGGCACUCAAACUGUGGGGGCACUUUCUGCUCUCUGGUGAAAGUGCCGCCAUCUUUUGAGUGUUAC,((((((((((((..((((.(((((((((.(((....)))))))))))).))))..)))))))))))),GGGCACUUUCUGCU,.(((((((((.(((,OCCGUGAAAGOUGG,1
774,hsa-mir-376a-1,UAAAAGGUAGAUUCUCCUUCUAUGAGUACAUUAUUUAUGAUUAAUCAUAGAGGAAAAUCCACGUUUUC,.((((.((.((((.((((.((((((...(((.....))).....)))))))))).)))).)).)))).,AUGAGUACAUUAUU,((((...(((....,UACUOOOGUAOOOO,1
775,hsa-mir-619,CGCCCACCUCAGCCUCCCAAAAUGCUGGGAUUACAGGCAUGAGCCACUGCGGUCGACCAUGACCUGGACAUGUUUGUGCCCAGUACUGUCAGUUUGCAG,......................(((((((..((((((((((..(((....((((......))))))).)))))))))))))))))((((......)))),AUGAGCCACUGCGG,(((..(((....((,UACOOGGUOOOOCC,1
776,hsa-mir-6852,UGCUGCCCUGGGGUUCUGAGGACAUGCUCUGACUCCCCUGAUGUCCUCUGUUCCUCAGGUGCUGGG,....(((((((((..(.((((((((...............)))))))).)..))))))).))....,GGACAUGCUCUGAC,((((((........,CCUGUAOOOOOOOO,1
777,hsa-mir-5006,AACCAUUAGGGGGCUGUGGUUUGCCAGGGCAGGAGGUGGAAGGGAGCCCCAUUUACAGUGGUAACUUCCUUUCCCUUUCCAUCCUGGCAGGCUUCAGAGAACUUUACCAG,......(((((..(((.((((((((((((..(((((.(((((((((..(((((...)))))....))))))))))))))..)))))))))))).)))....)))))....,GGUGGAAGGGAGCC,((.(((((((((..,UCOCCUUUCCUUOO,1
778,hsa-mir-548ae-2,UGUGCAAAAGUAAUUGUGGUUUUUGUCAUUUAAAAGUAAUGGCAAAAACUGCAAUUACUUUCACACC,.(((..((((((((((((((((((((((((.......))))))))))))))))))))))))..))).,GUUUUUGUCAUUUA,((((((((((((..,CAAAAACGGUAAOO,1
779,hsa-mir-597,UACUUACUCUACGUGUGUGUCACUCGAUGACCACUGUGAAGACAGUAAAAUGUACAGUGGUUCUCUUGUGGCUCAAGCGUAAUGUAGAGUACUGGUC,.(((((((((((((.((((((((..((.(((((((((....(((......)))))))))))).))..)))))....)))..))))))))))..))).,CCACUGUGAAGACA,(((((((....(((,GGUGACAOOOOUGU,1
780,hsa-mir-1914,CGUGUGAGCCCGCCCUGUGCCCGGCCCACUUCUGCUUCCUCUUAGCGCAGGAGGGGUCCCGCACUGGGAGGGGCCCUCAC,.(((.(.((((.(((.((((..(((((.(((((((...........))))))))))))..)))).)))..)))).).))),ACUUCUGCUUCCUC,.(((((((......,OGAGGACGOOOOOO,1
781,hsa-mir-887,GUGCAGAUCCUUGGGAGCCCUGUUAGACUCUGGAUUUUACACUUGGAGUGAACGGGCGCCAUCCCGAGGCUUUGCACAG,(((((((.((((((((((((((((..(((((((.........))))))).)))))).))..)))))))).)))))))..,UAGACUCUGGAUUU,(..(((((((....,AOOUGAGGUUOOOO,1
782,hsa-mir-6803,CUCCUCUGGGGGUGGGGGGCUGGGCGUGGUGGACAGCGAUGCAUCCCUCGCCUUCUCACCCUCAG,.....(((((((((((((((.((((((.((.....)).))))...))..)))))).))))))))),UGGGCGUGGUGGAC,.((((((.((....,OCCCGUAOCGOOOO,1
783,hsa-mir-4671,UAUUUUAAGACCGAAGACUGUGCGCUAAUCUCUUAGCACUGAAGAUUAGUGCAUAGUCUUUGGUCUCAAAAUA,((((((.(((((((((((((((((((((((((........).)))))))))))))))))))))))).)))))),CUAAUCUCUUAGCA,((((((((......,GAUUAGAGOOOOOO,1
784,hsa-mir-6734,AGAACUUGAGGGGAGAAUGAGGUGGAGAAGCCCAGGUUCUGAAUCCCCUUCCCUCACUCUUCUCUCAG,......((((((((((.(((((.((((.....(((...)))......))))))))).)))))))))).,GUGGAGAAGCCCAG,(.((((.....(((,COCUUCOOOOOGUC,1
785,hsa-mir-6728,CUAGAUUGGGAUGGUAGGACCAGAGGGGCUUACUGCCCUGUGGGGCUCUCUGGACCCAGUGCCAUGCUUCUCUGCUCUGCUCUCCCCAG,.((((..((.((((((((.((((((((.(((((......))))).)))))))).))...)))))).))..))))...............,AGAGGGGCUUACUG,((((((.(((((..,UCUCUCOGGGUGOO,1
786,hsa-mir-548h-4,GCUAUUAGGUUGGUGCAAAAGUAAUCGCGGUUUUUGUCAUUACUUUAAUUACUUUACGUUUCAUUAAUGACAAAAACCGCAAUUACUUUUGCACCAACCUAAUACUUGCUA,(((((((((((((((((((((((((.((((((((((((((((....(((........)))....)))))))))))))))).)))))))))))))))))))))))...))..,UUUUGUCAUUACUU,(((((((((((...,AAAACAGUAAUOOO,1
787,hsa-mir-5088,CCCAUCAGGGCUCAGGGAUUGGAUGGAGGUGAUGGGGGCAGGGGAUGGGUCUCACCCUCCCUUCUUCCUGGGCCCUCAG,......((((((((((((..(((.(((((.(.(((((.(........).))))))))))).)))))))))))))))...,AUGGAGGUGAUGGG,(.(((((.(.((((,UOCCUCCOCOACUC,1
788,hsa-mir-6785,CUCCCUGGGAGGGCGUGGAUGAUGGUGGGAGAGGAGCCCCACUGUGGAAGUCUGACCCCCACAUCGCCCCACCUUCCCCAG,......(((((((.(.((.(((((.((((.(.(((...(((...)))...)))..).))))))))).))).)))))))...,GAUGGUGGGAGAGG,((((.((((.(.((,CUACOACCCOCOUC,1
789,hsa-mir-382,UACUUGAAGAGAAGUUGUUCGUGGUGGAUUCGCUUUACUUAUGACGAAUCAUUCACGGACAACACUUUUUUCAGUA,((((.(((((((.(((((((((((..(((((((.........).))))))..)))))))))))..))))))))))),GGAUUCGCUUUACU,.(((((((......,OCUAAGCGOOOOOO,1
790,hsa-mir-522,UCUCAGGCUGUGUCCCUCUAGAGGGAAGCGCUUUCUGUUGUCUGAAAGAAAAGAAAAUGGUUCCCUUUAGAGUGUUACGCUUUGAGA,((((((((.(((.(.((((((((((((.((.(((((....(((...)))..))))).)).)))))))))))).).))))).)))))),CUUUCUGUUGUCUG,.(((((....(((.,OAAAGAOOOOAGAO,1
791,hsa-mir-145,CACCUUGUCCUCACGGUCCAGUUUUCCCAGGAAUCCCUUAGAUGCUAAGAUGGGGAUUCCUGGAAAUACUGUUCUUGAGGUCAUGGUU,.(((.((.(((((.((..((((.((.((((((((((((.............)))))))))))).)).))))..))))))).)).))).,AAUCCCUUAGAUGC,(((((((.......,UUAGGGGOOOOOOO,1
792,hsa-mir-4781,AGGUGCACGCUCUAGCGGGGAUUCCAAUAUUGGGCCAAUUCCCCCAAUGUUGGAAUCCUCGCUAGAGCGUGCACUU,.(((((((((((((((((((((((((((((((((........))))))))))))))))))))))))))))))))).,AUAUUGGGCCAAUU,((((((((......,UGUAACCCOOOOOO,1
793,hsa-mir-512-2,GGUACUUCUCAGUCUGUGGCACUCAGCCUUGAGGGCACUUUCUGGUGCCAGAAUGAAAGUGCUGUCAUAGCUGAGGUCCAAUGACUGAGGCGAGCACC,(((.((((((((((..(((..((((((..(((.(((((((((............))))))))).)))..))))))..)))..)))))))..))).))),CACUUUCUGGUGCC,(((((((.......,GUGAAAGOOOOOOO,1
794,hsa-mir-873,GUGUGCAUUUGCAGGAACUUGUGAGUCUCCUAUUGAAAAUGAACAGGAGACUGAUGAGUUCCCGGGAACACCCACAA,(((.(..(((.(.(((((((((.((((((((.((.......)).)))))))).))))))))).).)))..).)))..,GUCUCCUAUUGAAA,(((((((.((....,CAGAGGAOAAOOOO,1
795,hsa-mir-6751,UCUUCUUGGGGGUGAGGUUGGUGUCUGGCCCCAGCAGCCCAGACUGAGCCUCUCUCUCUCCAG,.......(((((.((((((.(.((((((.(......).))))))).)))))).))))).....,UGUCUGGCCCCAGC,.((((((.(.....,OCAGACCOGOOOOO,1
796,hsa-mir-196b,ACUGGUCGGUGAUUUAGGUAGUUUCCUGUUGUUGGGAUCCACCUUUCUCUCGACAGCACGACACUGCCUUCAUUACUUCAGUUG,(((((..((((((..(((((((.((.(((((((((((..........))))))))))).)).)))))))..)))))))))))..,UGUUGGGAUCCACC,((((((((......,ACAGCUCUOOOOOO,1
797,hsa-mir-124-3,UGAGGGCCCCUCUGCGUGUUCACAGCGGACCUUGAUUUAAUGUCUAUACAAUUAAGGCACGCGGUGAAUGCCAAGAGAGGCGCCUCC,.(((((((.((((..((((((((.(((..((((((((............))))))))..))).))))))))..)))).))).)))).,CCUUGAUUUAAUGU,((((((((......,GGAAUUAAOOOOOO,1
798,hsa-mir-4485,AGAGGCACCGCCUGCCCAGUGACAUGCGUUUAACGGCCGCGGUACCCUAACUGUGCA,((.((.(((((..(((....(((....)))....))).))))).)))).........,CCAGUGACAUGCGU,(....(((....)),GOOOOUUGOOOOCA,1
799,hsa-mir-514a-2,GUUGUCUGUGGUACCCUACUCUGGAGAGUGACAAUCAUGUAUAACUAAAUUUGAUUGACACUUCUGUGAGUAGAGUAACGCAUGACAC,..((((((((.(((.((((((((((.((((.((((((.((........)).)))))).)))))))).)))))).))).)))).)))).,AAUCAUGUAUAACU,(((((.((......,UUAGUOUAOOOOOO,1
800,hsa-mir-7843,GUAGACAGGAUGAGGGCAGAGCCAGCUUCCUGAUCUGAUGGAAGUCAUGAAGCCUUCUCUGCCUUACGCUUGGCUCUGC,(((((((((...(((((((((...(((((.(((.((......))))).)))))...)))))))))...))))..))))),GGAAGUCAUGAAGC,...))))).))))),OOOUCAGUOCUUCG,2
801,hsa-mir-4694,CAAAUACAUAGGUGUUAUCCUAUCCAUUUGCCUCUCUCAGAAAAUAGAGUCAAAUGGACAGGAUAACACCUAUGUAUUUG,(((((((((((((((((((((.((((((((.((((..........)))).)))))))).))))))))))))))))))))),AUAGAGUCAAAUGG,..)))).))))))),OOUCUCOGUUUACC,2
802,hsa-mir-548ar,AAAAGUAAUUGCAGUUUUUGCUGUUGAACGUAGUGGUAAAACUGCAGUUAUUUUUGC,((((((((((((((((((.(((((((....)))))))))))))))))))))))))..,GUAGUGGUAAAACU,.))))))))))))),OGUUGUCGUUUUGA,2
803,hsa-mir-4697,GGGCCCAGAAGGGGGCGCAGUCACUGACGUGAAGGGACCACAUCCCGCUUCAUGUCAGUGACUCCUGCCCCUUGGUCU,(((((....((((((((.((((((((((((((((((........)).))))))))))))))))..))))))))))))),CGCUUCAUGUCAGU,).)))))))))))),GOGAAGUGCAGUCA,2
804,hsa-mir-133a-2,GGGAGCCAAAUGCUUUGCUAGAGCUGGUAAAAUGGAACCAAAUCGACUGUCCAAUGGAUUUGGUCCCCUUCAACCAGCUGUAGCUGUGCAUUGAUGGCGCCG,.((.(((((((((...((((.(((((((..((.((.((((((((.(........).)))))))).)).))..))))))).))))...)))))..)))).)).,CAAUGGAUUUGGUC,...).)))))))).,OOOAOCUAAACCAO,2
805,hsa-mir-4703,UUAUGCAUAUUAGCAAUACAGUACAAAUAUAGUGUGUUUGAUUUGCACUGUAGUUGUAUUGUAUUGCCACUCUGUAUAA,.((((((.....((((((((((((((.(((((((((.......))))))))).)))))))))))))).....)))))).,UUUGCACUGUAGUU,..))))))))).)),OOGUGUGAUAUOAA,2
806,hsa-mir-6846,CAGGCUGGGGGCUGGAUGGGGUAGAGUAGGAGAGCCCACUGACCCCUUCUGUCUCCCUAG,....(((((((.((((.(((((..(((.((....)).))).))))).)))).).)))))),AGCCCACUGACCCC,..)).))).))))),OOGGOUGAOUGGGG,2
807,hsa-mir-5196,UCUGAGGAGACCUGGGCUGUCAGAGGCCAGGGAAGGGGACGAGGGUUGGGGAACAGGUGGUUAGCACUUCAUCCUCGUCUCCCUCCCAGGUUAGAAGGGCCCCCCUCUCUGAAGG,.((..(((((...(((((.((...((((.((((.((((((((((((.((......((((.....)))))))))))))))))).)))).)))).))..)))))...)))))..)).,UAGCACUUCAUCCU,...))))))))))),OOOGUGGGGUGGGA,2
808,hsa-mir-6512,UAUGCUCUUACCAUUAGAAGAGCUGGAAGAAGGCUGAGGGAGAUGCCUUCUUCCAGCCCUUCUAAUGGUAGGAGCAU,.(((((((((((((((((((.(((((((((((((..........))))))))))))).))))))))))))))))))),UGCCUUCUUCCAGC,.))))))))))))),OCGGAAGAAGGUCG,2
809,hsa-mir-520b,CCCUCUACAGGGAAGCGCUUUCUGUUGUCUGAAAGAAAAGAAAGUGCUUCCUUUUAGAGGG,(((((((.(((((((((((((((....(((...)))..))))))))))))))).))))))),AGAAAAGAAAGUGC,)))..))))))))),UCUOOUCUUUCGCG,2
810,hsa-mir-504,GCUGCUGUUGGGAGACCCUGGUCUGCACUCUAUCUGUAUUCUUACUGAAGGGAGUGCAGGGCAGGGUUUCCCAUACAGAGGGC,(((.((((((((((((((((.((((((((((.((.(((....))).))..)))))))))).)))))))))))).))))..))),UACUGAAGGGAGUG,))).))..)))))),AUGOCUOOUCUCAC,2
811,hsa-mir-345,ACCCAAACCCUAGGUCUGCUGACUCCUAGUCCAGGGCUCGUGAUGGCUGGUGGGCCCUGAACGAGGGGUCUGGAGGCCUGGGUUUGAAUAUCGACAGC,...(((((((.((((((.(.(((((((.((.((((((((((........)))))))))).)).))))))).).)))))))))))))............,CUGGUGGGCCCUGA,...)))))))))).,OOOUGCUCGGGACO,2
812,hsa-mir-10401,CGUGUGGGAAGGCGUGGGGUGCGGACCCCGGCCCGACCUCGCCGUCCCGCCCGCCG,((.((((((.(((((.((((.(((...))))))).))...))).)))))).))...,CGGCCCGACCUCGC,)))))).))...)),GCUGGGOUGOOOCG,2
813,hsa-mir-4667,UGACUGGGGAGCAGAAGGAGAACCCAAGAAAAGCUGACUUGGAGGUCCCUCCUUCUGUCCCCACAG,....((((((.(((((((((..((((((.........))))).)....)))))))))))))))...,UUGGAGGUCCCUCC,)))).)....)))),AACCOCOOOOGAGG,2
814,hsa-mir-1295b,CACCCAGAUCUGCGGCCUAAUCACAGGCCACAUUUCUGAAUAGGCCACGGAUCUGGGCAA,..((((((((((.((((((.(((.(((.....))).))).)))))).))))))))))...,AUUUCUGAAUAGGC,.))).))).))))),OGGAOACUOAUCCG,2
815,hsa-mir-4708,UUUAGGAGAGAGAUGCCGCCUUGCUCCUUGAACAGGAGGAGCAAGGCGGCAUCUCUCUGAUACUAAA,......(((((((((((((((((((((((......))))))))))))))))))))))).........,CAGGAGGAGCAAGG,...))))))))))),OOOUUCCUCGUUCC,2
816,hsa-mir-323a,UUGGUACUUGGAGAGAGGUGGUCCGUGGCGCGUUCGCUUUAUUUAUGGCGCACAUUACACGGUCGACCUCUUUGCAGUAUCUAAUC,..((((((.(.((((((((.(.(((((..(.((.((((........)))).)).)..))))).).)))))))).))))))).....,UAUGGCGCACAUUA,...)))).)).)..,OOOUCGCOUGOGOO,2
817,hsa-mir-15b,UUGAGGCCUUAAAGUACUGUAGCAGCACAUCAUGGUUUACAUGCUACAGUCAAGAUGCGAAUCAUUAUUUGCUGCUCUAGAAAUUUAAGGAAAUUCAU,.((((.(((((((...(((.(((((((.((.(((((((.(((.((.......))))).))))))).)).))))))).)))...)))))))...)))).,CAAGAUGCGAAUCA,..))))).)))))),OOUCUACOUUUGGU,2
818,hsa-mir-625,AGGGUAGAGGGAUGAGGGGGAAAGUUCUAUAGUCCUGUAAUUAGAUCUCAGGACUAUAGAACUUUCCCCCUCAUCCCUCUGCCCU,(((((((((((((((((((((((((((((((((((((...........))))))))))))))))))))))))))))))))))))),AUCUCAGGACUAUA,....)))))))))),OOOOGUCCUGAUAU,2
819,hsa-mir-4693,GUUUAAAGAAUACUGUGAAUUUCACUGUCACAAAUUCAAAUAAAGUGAGAGUGGAAUUCACAGUAUUUAAGGAAU,.......(((((((((((((((((((.((((.............)))).))))))))))))))))))).......,AAUAAAGUGAGAGU,......)))).))),OOOOOOCACUOUCA,2
820,hsa-mir-6733,GUGCUUGGGAAAGACAAACUCAGAGUUCCCUUCUUGUGAGCUCAGUGUCUGGAUUUCCUAG,.....(((((((..((.((.(.((((((.(.....).)))))).).)).))..))))))).,UGUGAGCUCAGUGU,.).)))))).).)),OCOCUUGAGOCOCA,2
821,hsa-mir-670,GUUUAGGGGUGGACCUGAUGUCCCUGAGUGUAUGUGGUGAACCUGAAUUUGCCUUGGGUUUCCUCAUAUUCAUUCAGGAGUGUCAGUUGCCCCUUCAC,((..((((((((..((((((.(((((((((.((((((.((((((((.......)))))))).).))))).)))))))).)))))))))))))))..)),CCUUGGGUUUCCUC,..)))))))).).),OOAGUCCAAGOGOG,2
822,hsa-mir-125a,UGCCAGUCUCUAGGUCCCUGAGACCCUUUAACCUGUGAGGACAUCCAGGGUCACAGGUGAGGUUCUUGGGAGCCUGGCGUCUGGCC,.(((((.(.((((((.(((((((.((((..((((((((((....))....)))))))))))).))))))).)))))).).))))).,CAGGGUCACAGGUG,)....))))))))),GOOOOAGUGUCCAU,2
823,hsa-mir-514a-1,AACAUGUUGUCUGUGGUACCCUACUCUGGAGAGUGACAAUCAUGUAUAAUUAAAUUUGAUUGACACUUCUGUGAGUAGAGUAACGCAUGACACGUACG,...((((.(((((((.(((.((((((((((.((((.((((((.((........)).)))))).)))))))).)))))).))).)))).)))))))...,AAAUUUGAUUGACA,..)).)))))).)),OOUGOACUAACOGU,2
824,hsa-mir-6743,GGGUAAAGGGGCAGGGACGGGUGGCCCCAGGAAGAAGGGCCUGGUGGAGCCGCUCUUCUCCCUGCCCACAG,........(((((((((.(((((((((((((........))))..)).)))))))...)))))))))....,CUGGUGGAGCCGCU,)))..)).)))))),GACOOCCOCGGUGG,2
825,hsa-mir-520d,UCUCAAGCUGUGAGUCUACAAAGGGAAGCCCUUUCUGUUGUCUAAAAGAAAAGAAAGUGCUUCUCUUUGGUGGGUUACGGUUUGAGA,(((((((((((((.((..(((((((((((.((((((....(((...)))..)))))).)))))))))))..)).))))))))))))),AGAAAAGAAAGUGC,)))..)))))).)),UCUOOUCUUUCOCG,2
826,hsa-mir-6819,GAGGGUUGGGGUGGAGGGCCAAGGAGCUGGGUGGGGUGCCAAGCCUCUGUCCCCACCCCAG,......((((((((.((((..(((.(((.(((.....))).))).))))))))))))))).,GGGUGCCAAGCCUC,....))).))).)),OOOOUGGOUCGOGG,2
827,hsa-mir-483,GAGGGGGAAGACGGGAGGAAAGAAGGGAGUGGUUCCAUCACGCCUCCUCACUCCUCUCCUCCCGUCUUCUCCUCUC,(((((((((((((((((((.((.((.(((.(((........)))..))).)).)).))))))))))))).)))))),CGCCUCCUCACUCC,.)))..))).)).),OUGGOOGAGOGAOG,2
828,hsa-mir-548b,CAGACUAUAUAUUUAGGUUGGCGCAAAAGUAAUUGUGGUUUUGGCCUUUAUUUUCAAUGGCAAGAACCUCAGUUGCUUUUGUGCCAACCUAAUACUU,............(((((((((((((((((((((((.((((((.(((............))).)))))).))))))))))))))))))))))).....,UCAAUGGCAAGAAC,.....))).))))),OOOOOCCGOUUUUG,2
829,hsa-mir-128-2,UGUGCAGUGGGAAGGGGGGCCGAUACACUGUACGAGAGUGAGUAGCAGGUCUCACAGUGAACCGGUCUCUUUCCCUACUGUGUC,...((((((((.((((((((((...((((((..((((.(........).))))))))))...)))))))))).))))))))...,GCAGGUCUCACAGU,...).))))))))),OOOUOAGAGUGUCA,2
830,hsa-mir-331,GAGUUUGGUUUUGUUUGGGUUUGUUCUAGGUAUGGUCCCAGGGAUCCCAGAUCAAACCAGGCCCCUGGGCCUAUCCUAGAACCAACCUAAGCUC,............(((((((((.((((((((.((((.(((((((...((...........)).))))))).)))))))))))).)))))))))..,AAACCAGGCCCCUG,......)).))))),OOOOOOCCOGGGAC,2
831,hsa-mir-127,UGUGAUCACUGUCUCCAGCCUGCUGAAGCUCAGAGGGCUCUGAUUCAGAAAGAUCAUCGGAUCCGUCUGAGCUUGGCUGGUCGGAAGUCUCAUCAUC,.(((((.(((...(((.(((.(((.(((((((((.((.((((((((.....))..)))))).)).)))))))))))).))).))))))...))))).,AAGAUCAUCGGAUC,..))..)))))).),OOCUOOUAGUCUOG,2
832,hsa-mir-6720,UUGAGCGAGAGAUUGUGGCGCACCGAGUUCUUCCAGCCCUGGUAGGCGCCGCGGAAGAAGGGGAAGCGCGCCUGCAGGAACUGGUAGAUCUCGCUGAG,.(.(((((((.....(((....)))...(((.((((.((((.(((((((.((.............)))))))))))))..)))).)))))))))).).,GGGGAAGCGCGCCU,......)))))))),OOOOOOCGCGCGGA,2
833,hsa-mir-379,AGAGAUGGUAGACUAUGGAACGUAGGCGUUAUGAUUUCUGACCUAUGUAACAUGGUCCACUAACUCU,((((.((((.(((((((..(((((((((..........)).)))))))..))))))).)))).)))),UCUGACCUAUGUAA,..)).)))))))..,OOGCOGGAUGCAOO,2
834,hsa-mir-328,UGGAGUGGGGGGGCAGGAGGGGCUCAGGGAGAAAGUGCAUACAGCCCCUGGCCCUCUCUGCCCUUCCGUCCCCUG,.(((.((((((((((((.(((((.(((((.......((.....)))))))))))).)))))))))))))))....,ACAGCCCCUGGCCC,...))))))))))),OOOCGGGGACCGGG,2
835,hsa-mir-6816,CCGAGUGGGGCGGGGCAGGUCCCUGCAGGGACUGUGACACUGAAGGACCUGCACCUUCGCCCACAG,....((((((.(((((((((((.(.((((........).)))).)))))))).))).).)))))..,UGACACUGAAGGAC,...).)))).)))),OOOGOGACUOCCUG,2
836,hsa-mir-371b,GGUAACACUCAAAAGAUGGCGGCACUUUCACCAGAGAGCAGAAAGUGCCCCCACAGUUUGAGUGCC,.....((((((((...(((.(((((((((...........))))))))).)))...))))))))..,GAGCAGAAAGUGCC,.....))))))))),OOOOOCUUUCACGG,2
837,hsa-mir-188,UGCUCCCUCUCUCACAUCCCUUGCAUGGUGGAGGGUGAGCUUUCUGAAAACCCCUCCCACAUGCAGGGUUUGCAGGAUGGCGAGCC,.((((((..(((..((..(((((((((..((((((....(.....).....))))))..)))))))))..))..))).)).)))).,AAAACCCCUCCCAC,.....))))))..),OOOOOGGGAGGOOG,2
838,hsa-mir-6769b,CUUCCUGGUGGGUGGGGAGGAGAAGUGCCGUCCUCAUGAGCCCCUCUCUGUCCCACCCAUAG,.......((((((((((.(((((.(.(((((....))).)).).))))).))))))))))..,CAUGAGCCCCUCUC,.))).)).).)))),OUGCOCGOGOAGAG,2
839,hsa-mir-205,AAAGAUCCUCAGACAAUCCAUGUGCUUCUCUUGUCCUUCAUUCCACCGGAGUCUGUCUCAUACCCAACCAGAUUUCAGUGGAGUGAAGUUCAGGAGGCAUGGAGCUGACA,........((((.(..(((((((....((((((..(((((((((((.((((((((.............)))))))).)))))))))))..))))))))))))))))))..,CCAACCAGAUUUCA,.....)))))))).,OOOOOGUCUGAGGO,2
840,hsa-mir-520c,UCUCAGGCUGUCGUCCUCUAGAGGGAAGCACUUUCUGUUGUCUGAAAGAAAAGAAAGUGCUUCCUUUUAGAGGGUUACCGUUUGAGA,((((((((.((..(((((((((((((((((((((((....(((...)))..)))))))))))))))))))))))..)).)))))))),AGAAAAGAAAGUGC,)))..))))))))),UCUOOUCUUUCACG,2
841,hsa-mir-10a,GAUCUGUCUGUCUUCUGUAUAUACCCUGUAGAUCCGAAUUUGUGUAAGGAAUUUUGUGGUCACAAAUUCGUAUCUAGGGGAAUAUGUAGUUGACAUAAACACUCCGCUCU,....(((.((((..((((((((.((((.(((((.((((((((((................)))))))))).))))))))).))))))))..))))...))).........,GUGGUCACAAAUUC,.....))))))))),OOOOOGUGUUUAAG,2
842,hsa-mir-7155,UCUGGGGUCUUGGGCCAUCUGGUUGUGACAUCACUGAUGGCCCAAGACCUCAGACC,(((((((((((((((((((((((......))))..)))))))))))))))))))..,UCACUGAUGGCCCA,)))..))))))))),GGUOOCUACCGGGU,2
843,hsa-mir-6805,UGGCCUAGGGGGCGGCUUGUGGAGUGUAUGGGCUGAGCCUUGCUCUGCUCCCCCGCCCCCAG,.......((((((((...((((((((...((((...))))))))))))....))))))))..,CUGAGCCUUGCUCU,(...)))))))))),GOOOCGGGGUGAGG,2
844,hsa-mir-6814,UUUCCUCCCAAGGGUGAGAUGCUGCCACCCAGCCCUGCAGAGCCCCUGACUCGCAUCCUUCCCUUGGCAG,....((.(((((((...((((((((...........)))(((.......))))))))...))))))).)),GCCCCUGACUCGCA,(.......)))))),COOOOOOOGAGCGU,2
845,hsa-mir-6889,CUGUGUCGGGGAGUCUGGGGUCCGGAAUUCUCCAGAGCCUCUGUGCCCCUACUUCCCAG,.......(((((((..(((((.((((.(((....)))..)))).))))).)))))))..,CAGAGCCUCUGUGC,..)))..)))).)),OOCUUOOAGGCOUG,2
846,hsa-mir-4776-1,CUAUAUGCAGUGGACCAGGAUGGCAAGGGCUCUCCUGAAAGGACAGUAGAGCCCUUGCCAUCCUGGUCCACUGCAUAUAG,(((((((((((((((((((((((((((((((((.(((......))).))))))))))))))))))))))))))))))))),UAGAGCCCUUGCCA,.))))))))))))),OUCUCGGGAACGGU,2
847,hsa-mir-454,UCUGUUUAUCACCAGAUCCUAGAACCCUAUCAAUAUUGUCUCUGCUGUGUAAAUAGUUCUGAGUAGUGCAAUAUUGCUUAUAGGGUUUUGGUGUUUGGAAAGAACAAUGGGCAGG,.(((((((((.((((((.((((((((((((((((((((((((.(((((....)))))...)))....)))))))))...)))))))))))).))))))...))....))))))).,UUCUGAGUAGUGCA,)...)))....))),GOOOCUCOOOOUGU,2
848,hsa-mir-3177,CCACGUGCCAUGUGUACACACGUGCCAGGCGCUGUCUUGAGACAUUCGCGCAGUGCACGGCACUGGGGACACGUGGCACUGG,(((.(((((((((((...((.(((((..(((((((..(((.....))).)))))))..)))))))...)))))))))))))),CGCGCAGUGCACGG,)).)))))))..)),GUOUGUCGCGOOCC,2
849,hsa-mir-152,UGUCCCCCCCGGCCCAGGUUCUGUGAUACACUCCGACUCGGGCUCUGGAGCAGUCAGUGCAUGACAGAACUUGGGCCCGGAAGGACC,.((((..((.((((((((((((((.((.((((..((((...(((....))))))))))).)).)))))))))))))).))..)))).,GGAGCAGUCAGUGC,..))))))))))).,OOUCGUCAGUCACO,2
850,hsa-mir-642a,AUCUGAGUUGGGAGGGUCCCUCUCCAAAUGUGUCUUGGGGUGGGGGAUCAAGACACAUUUGGAGAGGGAACCUCCCAACUCGGCCUCUGCCAUCAUU,....(((((((((((.((((((((((((((((((((((.........)))))))))))))))))))))).)))))))))))(((....)))......,GGGAUCAAGACACA,....)))))))))),OOOOGGUUCUGUGU,2
851,hsa-mir-6862-1,CGAAGCGGGCAUGCUGGGAGAGACUUUGUGAUUUGUCUCCAAAGCCUCACCCAGCUCUCUGGCCCUCUAG,...((.((((..((((((.(((.(((((.((......))))))).))).))))))......)))).))..,UCCAAAGCCUCACC,))))))).))).)),AGGUUUCOGAGOGG,2
852,hsa-mir-92a-2,UCAUCCCUGGGUGGGGAUUUGUUGCAUUACUUGUGUUCUAUAUAAAGUAUUGCACUUGUCCCGGCCUGUGGAAGA,((.(((.(((((.(((((..((.(((.(((((((((...)))).))))).)))))..))))).))))).))).)),UAUAAAGUAUUGCA,))).))))).)))),GUGOUUCAUOACGU,2
853,hsa-mir-5195,GAGCAAAAACCAGAGAACAACAUGGGAGCGUUCCUAACCCCUAAGGCAACUGGAUGGGAGACCUGACCCAUCCAGUUCUCUGAGGGGGCUCUUGUGUGUUCUACAAGGUUGUUCA,(((((...(((..((((((.(((((((((........(((((.(((.(((((((((((........))))))))))).))).))))))))))))))))))))....)))))))).,CUGACCCAUCCAGU,....)))))))))),OOOOGGGUAGGUCA,2
854,hsa-mir-6888,GUGGGAAGGAGAUGCUCAGGCAGAUCUGUCUCUGAUUGUUUCCAAGAUCUGUCUCGAUUGUUUCCAG,.......(((((((.((((((((((((.................)))))))))).)).)))))))..,UUCCAAGAUCUGUC,.....))))))))),OOOOOUCUAGACGG,2
855,hsa-mir-5187,GACUAAGGGUGGGAUGAGGGAUUGAAGUGGAGCAGGAAUGCGCUUUUCUCCACUGAAUCCUCUUUUCCUCAGGUGG,..(((....(((((.((((((((..(((((((.((((......))))))))))).))))).))).))).))..))),UUUCUCCACUGAAU,)))))))))).))),GGAGAGGUGAOUUA,2
856,hsa-mir-143,GCGCAGCGCCCUGUCUCCCAGCCUGAGGUGCAGUGCUGCAUCUCUGGUCAGUUGGGAGUCUGAGAUGAAGCACUGUAGCUCAGGAAGAGAGAAGUUGUUCUGCAGC,((((((.((....((((.(..((((((.(((((((((.((((((.((((......)).)).)))))).))))))))).))))))..).))))....)).)))).)),GGGAGUCUGAGAUG,..)).)).)))))),OOCUOGGOCUCUAC,2
857,hsa-mir-219a-1,CCGCCCCGGGCCGCGGCUCCUGAUUGUCCAAACGCAAUUCUCGAGUCUAUGGCUCCGGCCGAGAGUUGAGUCUGGACGUCCCGAGCCGCCGCCCCCAAACCUCGAGCGGG,((((.(.((((.(((((((..(((.(((((.((.(((((((((.(((.........)))))))))))).)).))))))))..))))))).)))).........).)))).,CCGGCCGAGAGUUG,..)))))))))))),OOCUGGCUCUUAAC,2
858,hsa-mir-335,UGUUUUGAGCGGGGGUCAAGAGCAAUAACGAAAAAUGUUUGUCAUAAACCGUUUUUCAUUAUUGCUCCUGACCUCCUCUCAUUUGCUAUAUUCA,.....((((.((((((((.(((((((((.((((((((.((......)).)))))))).))))))))).)))))))).)))).............,UAAACCGUUUUUCA,..)).)))))))).,OOUUOGUAAAAAGO,2
859,hsa-mir-3145,UAUAUGAGUUCAACUCCAAACACUCAAAACUCAUUGUUGAAUGGAAUGAGAUAUUUUGAGUGUUUGGAAUUGAACUCGUAUA,(((((((((((((.(((((((((((((((((((((.(.....).))))))...))))))))))))))).))))))))))))),UGGAAUGAGAUAUU,.).))))))...)),OUOUUACUCOOOAA,2
860,hsa-mir-4709,CUGCUUCAACAACAGUGACUUGCUCUCCAAUGGUAUCCAGUGAUUCGUUGAAGAGGAGGUGCUCUGUAGCAG,(((((......((((.(((((.((((.((((((.(((....))))))))).)))).)))).).))))))))),UGAUUCGUUGAAGA,.))))))))).))),OCUAGGUAACOUCU,2
861,hsa-mir-4704,CUUAUCCUAGACACUAGGCAUGUGAGUGAUUGUCUUCCUCACUCAAUCAGUCACAUAUCUAGUGUCUAGAAUGAG,(((((.((((((((((((.((((((.((((((...........)))))).)))))).)))))))))))).))))),CACUCAAUCAGUCA,....)))))).))),OOOOGUUAGUOAGU,2
862,hsa-mir-655,AACUAUGCAAGGAUAUUUGAGGAGAGGUUAUCCGUGUUAUGUUCGCUUCAUUCAUCAUGAAUAAUACAUGGUUAACCUCUUUUUGAAUAUCAGACUC,...........(((((((((((((((((((.((((((..((((((............))))))..)))))).)))))))))))))))))))......,AUCAUGAAUAAUAC,....))))))..)),OOOOGCUUGUOOUG,2
863,hsa-mir-18b,UGUGUUAAGGUGCAUCUAGUGCAGUUAGUGAAGCAGCUUAGAAUCUACUGCCCUAAAUGCCCCUUCUGGCA,(((...((((.((((.(((.(((((.((................))))))).))).)))).))))...))),AAUCUACUGCCCUA,...))))))).))),OOOGAUGACGOGAU,2
864,hsa-mir-7152,UUUCCUGUCCUCCAACCAGACCAUGCCACAUCCGUCUGGUCCUGGACAGGAGGC,.(((((((((....(((((((.(((...)))..)))))))...)))))))))..,ACAUCCGUCUGGUC,.)))..))))))).,OGUAOOCAGACCAO,2
865,hsa-mir-668,GGUAAGUGCGCCUCGGGUGAGCAUGCACUUAAUGUGGGUGUAUGUCACUCGGCUCGGCCCACUACC,((((.(((.(((((((((((.((((((((((...))))))))))))))))))...))).))))))),GGGUGUAUGUCACU,)))))))))))))),UUCACGUACAGUGG,2
866,hsa-mir-4776-2,CUAUAUGCAGUGGACCAGGAUGGCAAGGGCUCUACUGUCCUUUCAGGAGAGCCCUUGCCAUCCUGGUCCACUGCAUAUAG,(((((((((((((((((((((((((((((((((.(((......))).))))))))))))))))))))))))))))))))),GAGAGCCCUUGCCA,.))))))))))))),OUCUCGGGAACGGU,2
867,hsa-mir-6828,GGCUCAGGAAGCAAGAGAACCCUGUGGUCUAACCUUUCCCAUCUGCUCUCUUGUUCCCAG,......((.(((((((((.....((((...........))))....))))))))).))..,CUUUCCCAUCUGCU,.....))))....),OOOOOGGUGOOOOA,2
868,hsa-mir-365b,AGAGUGUUCAAGGACAGCAAGAAAAAUGAGGGACUUUCAGGGGCAGCUGUGUUUUCUGACUCAGUCAUAAUGCCCCUAAAAAUCCUUAUUGUUCUUGCAGUGUGCAUCGGG,...........(.((((((((((.((((((((..(((.(((((((((((.(((....))).)))).....))))))).))).)))))))).)))))))..))).)......,UCAGUCAUAAUGCC,.)))).....)))),OGUCGOOOOOACGG,2
869,hsa-mir-518d,UCCCAUGCUGUGACCCUCUAGAGGGAAGCACUUUCUGUUGUCUGAAAGAAACCAAAGCGCUUCCCUUUGGAGCGUUACGGUUUGAGA,((.((.((((((((.((((((((((((((.((((..(((.(((...)))))).)))).)))))))))))))).)))))))).)).)),AAGAAACCAAAGCG,.)))))).)))).),OUCUUUGOUUUCOC,2
870,hsa-mir-3691,UUGAGGCACUGGGUAGUGGAUGAUGGAGACUCGGUACCCACUGCUGAGGGUGGGGACCAAGUCUGCGUCAUCCUCUCCUCAGUGCCUCAA,.((((((((((((.((.((((((((.(((((.(((.((((((......)))))).))).))))).)))))))).)).)))))))))))).,GGUGGGGACCAAGU,)))))).))).))),UCACCCOUGGOUCA,2
871,hsa-mir-526b,UCAGGCUGUGACCCUCUUGAGGGAAGCACUUUCUGUUGUCUGAAAGAAGAGAAAGUGCUUCCUUUUAGAGGCUUACUGUCUGA,((((((.((((.(((((.((((((((((((((((.((.(.....).)).)))))))))))))))).))))).)))).)))))),AAGAAGAGAAAGUG,.).)).)))))))),OUOUUOUCUUUCAC,2
872,hsa-mir-6791,CCAGACCCCUGGGGCUGGGCAGGCGGAAAGAGGUCUGAACUGCCUCUGCCUCCUUGGUCUCCGGCAG,(((((((...(((((.((((((.((((......))))..))))))..)))))...)))))..))...,CUGCCUCUGCCUCC,))))))..))))).,GACGGGOOCGGGGO,2
873,hsa-mir-6784,UACAGGCCGGGGCUUUGGGUGAGGGACCCCCGGAGUCUGUCACGGUCUCACCCCAACUCUGCCCCAG,........(((((...((((((((.....(((((.....)).))))))))))).......)))))..,GUCACGGUCUCACC,.)).)))))))))),OAGOGCCGGAGUGG,2
874,hsa-mir-891a,CCUUAAUCCUUGCAACGAACCUGAGCCACUGAUUCAGUAAAAUACUCAGUGGCACAUGUUUGUUGUGAGGGUCAAAAGA,.(((.(((((((((((((((.((.((((((((.............)))))))).)).)))))))))))))))...))).,AAUACUCAGUGGCA,.....)))))))).,OOOOOAGUCACCGO,2
875,hsa-mir-5008,GGGCUGACCCCUAGGGUCAGGUGAGGCCCUUGGGGCACAGUGGUGCCAUCUCCCCUGUGCUCCCAGGGCCUCGCCUGUCCCUUGAGGUCGGCCC,(((((((((.(.((((.(((((((((((((.(((((((((.((........)).))))))))).))))))))))))).)))).).))))))))),CAUCUCCCCUGUGC,.....)).)))))),OOOOOGGOGACACG,2
876,hsa-mir-550b-1,AGAGACUUGUUGGAGAUGUGCCUGAGGGAGUAAGACACUAUCUUACAACAACAGGGCUCUUACUCCCUCAGGCACUGCACCAGCCAGCAAAGCAUCA,.(((..(((((((....((((((((((((((((((..((..............))..))))))))))))))))))........)))))))..).)).,ACAGGGCUCUUACU,...))..))))))),OOOUCOOAGAAUGA,2
877,hsa-mir-381,UACUUAAAGCGAGGUUGCCCUUUGUAUAUUCGGUUUAUUGACAUGGAAUAUACAAGGGCAAGCUCUCUGUGAGUA,((((((.((.(((.((((((((.((((((((.((........)).)))))))))))))))).))).)).)))))),CAUGGAAUAUACAA,.)).)))))))))),OUGOCUUAUAUGUU,2
878,hsa-mir-6802,GAGGGCUAGGUGGGGGGCUUGAAGCCCCGAGAUGCCUCACGUCUUCACCCCUCUCACCUAAGCAG,....(((((((((((((..(((((.(..(((....)))..).)))))..)))))))))).)))..,UCACGUCUUCACCC,))..).)))))..),AGOOCOGAAGUOOG,2
879,hsa-mir-513a-2,GGAUGCCACAUUCAGCCAUUCAGUGUGCAGUGCCUUUCACAGGGAGGUGUCAUUUAUGUGAACUAAAAUAUAAAUUUCACCUUUCUGAGAAGGGUAAUGUACAGCAUGCACUGCAUAUGUGGUGUCC,(((((((((((.(((.(((....((((((.((((((((.((((((((((..((((((((........))))))))..)))))))))).)))))))).))))))..)))..)))...))))))))))),UAAAAUAUAAAUUU,....))))))))..,OOOOUGUAUUUAOO,2
880,hsa-mir-187,GGUCGGGCUCACCAUGACACAGUGUGAGACCUCGGGCUACAACACAGGACCCGGGCGCUGCUCUGACCCCUCGUGUCUUGUGUUGCAGCCGGAGGGACGCAGGUCCGCA,.(.((((((.............((((...((((.((((.(((((((((((.((((.((......).).)).)).))))))))))).)))).))))..))))))))))).,UGACCCCUCGUGUC,.).).)).)).))),OCOGOGGOGCOCAG,2
881,hsa-mir-374b,ACUCGGAUGGAUAUAAUACAACCUGCUAAGUGUCCUAGCACUUAGCAGGUUGUAUUAUCAUUGUCCGUGUCU,((.(((((((..(((((((((((((((((((((....)))))))))))))))))))))..))))))).))..,CCUAGCACUUAGCA,....)))))))))),OOOOUGUGAAUCGU,2
882,hsa-mir-6529,AACCUGUUCUCUUGAGAGAUCAGAGGCGCAGAGUGCGUCAGUGUCAAUGAAGCCUGUGCCUUUUACUUCUUUAAGAGCGUACGGU,...((((.((((((((((...((((((((((...((.(((.......))).))))))))))))...))).)))))))...)))).,AAUGAAGCCUGUGC,..))).)))))))),OOACUOCGGACGCG,2
883,hsa-mir-4722,GGCAGGAGGGCUGUGCCAGGUUGGCUGGGCCAGGCCUGACCUGCCAGCACCUCCCUGCAG,.((((((((((((.((.(((((((((......)))).))))))))))).))).)))))..,AGGCCUGACCUGCC,.)))).)))))))),OUCGGOUUGGACGG,2
884,hsa-mir-9851,GCGGUGAGCCUGGCGCUGGCAGUGUUGGUGACACUCACGUGGUGGUGGUGGCACCAGCACUGGCGGUGUCUGUACCAGCAG,((((((.....(((((((.(((((((((((.(((.(((......)))))).))))))))))).)))))))..)))).))..,GUGGUGGUGGCACC,...)))))).)))),OOOCACCACOGUGG,2
885,hsa-mir-6716,GAGAGGCCAAGACCUUGGGAAUGGGGGUAAGGGCCUUCUGAGCCCAGGUCCGAACUCUCCAUUCCUCUGCAGAGCGCUCU,.((((((......(..((((((((((((..((((((.........))))))..)).))))))))))..)....)).)))),GCCCAGGUCCGAAC,....))))))..)),OOOOUCCGGGOOUG,2
886,hsa-mir-497,CCACCCCGGUCCUGCUCCCGCCCCAGCAGCACACUGUGGUUUGUACGGCACUGUGGCCACGUCCAAACCACACUGUGGUGUUAGAGCGAGGGUGGGGGAGGCACCGCCGAGG,...((.(((((((.((((((((((((((.((((.(((((((((.(((((......)))..)).))))))))).)))).)))).....).))))))))))))....)))).)),CCACGUCCAAACCA,))..)).))))))),GGOOCAOGUUUGGU,2
887,hsa-mir-103a-2,UUGUGCUUUCAGCUUCUUUACAGUGCUGCCUUGUAGCAUUCAGGUCAAGCAGCAUUGUACAGGGCUAUGAAAGAACCA,..((.(((((((((.((.(((((((((((.(((.(.(.....).))))))))))))))).)))))..)))))).))..,CAGGUCAAGCAGCA,..).)))))))))),OOCOAGUUCGUCGU,2
888,hsa-mir-1249,GGGAGGAGGGAGGAGAUGGGCCAAGUUCCCUCUGGCUGGAACGCCCUUCCCCCCCUUCUUCACCUG,.(((((((((.((.((.((((...(((((........))))))))).)).))))))))))).....,GGCUGGAACGCCCU,....))))))))).,OOOOCCUUGCGGGO,2
889,hsa-mir-6737,UUGGGUUGGGGUGGUCGGCCCUGGAGGGGGUUUGUUUGCUUAUUCCCCUCUGUGCUUCACCCCUACCCAG,.(((((.(((((((..(((.(.((((((((.............))))))))).)))))))))).))))).,AUUCCCCUCUGUGC,..))))))))).)),OOGGGGGAGGCOCG,2
890,hsa-mir-6752,AUGGAGGGGGGUGUGGAGCCAGGGGGCCCAGGUCUACAGCUUCUCCCCGCUCCCUGCCCCCAUACUCCCAG,..(((((((((((.(((((..(((((...((((.....)))).)))))))))).)))))))...))))...,UCCCCGCUCCCUGC,)))))))))).))),GGGGGCGAGGOGUG,2
891,hsa-mir-6503,AAUGGUCCCCCCAGGGAGGUCUGCAUUCAAAUCCCCAGAAGCUGAGGAUUAGGGGACUAGGAUGCAGACCUCCCUGGGGGACCAUU,(((((((((((.((((((((((((((((...(((((..((........)).)))))...))))))))))))))))))))))))))),GGAUUAGGGGACUA,...)).)))))...,OOOAAOCCCCUOOO,2
892,hsa-mir-6890,UGGGCCAUGGGGUAGGGCAGAGUAGGGCUGGAUGGUAGGGCCCACUGCCUAUGCCCCACAG,.......(((((((((((((....(((((.........))))).)))))).)))))))...,GUAGGGCCCACUGC,....))))).)))),OOOOUCGGGOGACG,2
893,hsa-let-7f-2,UGUGGGAUGAGGUAGUAGAUUGUAUAGUUUUAGGGUCAUACCCCAUCUUGGAGAUAACUAUACAGUCUACUGUCUUUCCCACG,.((((((.((((((((((((((((((((((((((((........))))))))....)))))))))))))))))))))))))).,GAGAUAACUAUACA,))....)))))))),UUOOOOUGAUAUGU,2
894,hsa-mir-513a-1,GGGAUGCCACAUUCAGCCAUUCAGCGUACAGUGCCUUUCACAGGGAGGUGUCAUUUAUGUGAACUAAAAUAUAAAUUUCACCUUUCUGAGAAGGGUAAUGUACAGCAUGCACUGCAUAUGUGGUGUCCC,((((((((((((...((....(((((((((.((((((((.((((((((((..((((((((........))))))))..)))))))))).)))))))).))))).)).))....))..)))))))))))),UAAAAUAUAAAUUU,....))))))))..,OOOOUGUAUUUAOO,2
895,hsa-mir-17,GUCAGAAUAAUGUCAAAGUGCUUACAGUGCAGGUAGUGAUAUGUGCAUCUACUGCAGUGAAGGCACUUGUAGCAUUAUGGUGAC,((((..(((((((..((((((((.((.(((((.(((((.......)).)))))))).)).))))))))...)))))))..)))),UGCAUCUACUGCAG,..)).)))))))).,OOGUOGAUGACGUO,2
896,hsa-mir-380,AAGAUGGUUGACCAUAGAACAUGCGCUAUCUCUGUGUCGUAUGUAAUAUGGUCCACAUCUU,((((((...(((((((..(((((((.(((....))).)))))))..)))))))..)))))),UGUGUCGUAUGUAA,.))).)))))))..,OUAUOGCGUACAOO,2
897,hsa-mir-4524b,UAGCUGGGUGGAUGUGUUCUUUUGAAGGAUAGCAGCAUAAGCCUGUCUCAAAAUAAUUCUGCAGUGAGACAGGUUCAUGCUGCUAUCGUUCCAAAGAGGAAGGGUAAUCACUGUC,......(((((...(.((((((((((.(((((((((((.(((((((((((..............))))))))))).))))))))))).)))...))))))).)....)))))...,CUGCAGUGAGACAG,......)))))))),OOOOOOACUCUGUC,2
898,hsa-mir-1237,GUGGGAGGGCCCAGGCGCGGGCAGGGGUGGGGGUGGCAGAGCGCUGUCCCGGGGGCGGGGCCGAAGCGCGGCGACCGUAACUCCUUCUGCUCCGUCCCCCAG,.((((.((((...((.(((((.((((((.(.(((.((...(((((((((((....))))))...))))).)).))).).))))))))))).)))))))))).,CCGUAACUCCUUCU,)).).))))))))),GGOGOUGGGGAGGG,2
899,hsa-mir-526a-1,CUCAGGCUGUGACCCUCUAGAGGGAAGCACUUUCUGUUGCUUGAAAGAAGAGAAAGCGCUUCCUUUUAGAGGAUUACUCUUUGAG,((((((..((((.(((((((((((((((.((((((.((.((....)))).)))))).))))))))))))))).))))..)))))),AAGAAGAGAAAGCG,.)))).)))))).),OUCUUOUCUUUCOC,2
900,hsa-mir-424,CGAGGGGAUACAGCAGCAAUUCAUGUUUUGAAGUGUUCUAAAUGGUUCAAAACGUGAGGCGCUGCUAUACCCCCUCGUGGGGAAGGUAGAAGGUGGGG,(((((((.((.((((((..(((((((((((((.((((...)))).)))))))))))))..)))))).)).))))))).....................,AAUGGUUCAAAACG,)))).))))))))),UUGUOAAGUUUUGU,2
901,hsa-mir-4680,UAUAAGAACUCUUGCAGUCUUAGAUGUUAUAAAAAUAUAUAUCUGAAUUGUAAGAGUUGUUAGCAC,..(((.((((((((((((.((((((((.(((....))))))))))))))))))))))).)))....,AUAUAUAUCUGAAU,.))))))))))))),OAUAUGUAGAUUUG,2
902,hsa-mir-6849,CCUGGGAGUGGAUAGGGGAGUGUGUGGAGAGAGCACUGAGCCUGCCCACCAGCCUGUGUCCACCUCCAG,.(((((.(((((((.(((..((.((((..((.((.....))))..)))))).))).))))))).))))),CCUGCCCACCAGCC,)))..)))))).)),GGAOOGGUGGUOGG,2
903,hsa-mir-6817,AGGAUUCUGCCAUAGGAAGCUUGGAGUGGAACUGACCUGCCCCCUUUCUCUCUGACUCCAUGGCAG,......(((((((.(((.(.((((((.((((..(.......)..)))).))))))))))))))))),CCCCCUUUCUCUCU,..)..)))).)))),OOGOOAAGGOGAGG,2
904,hsa-mir-4711,AAAUGUGCAUCAGGCCAGAAGACAUGAGCCCUUUGGAAAGGUCUCGUGUCUUCUGGCUUGAUGCACAUUU,((((((((((((((((((((((((((((.((((....)))).)))))))))))))))))))))))))))),AAGGUCUCGUGUCU,)))).))))))))),UUCCOGAGUACAGA,2
905,hsa-mir-6858,GUGAGGAGGGGCUGGCAGGGACCCCUCCAAGUUGGGGACGGCAGCCAGCCCCUGCUCACCCCUCGCC,(((((.((((((((((...(.((((........)))).)....)))))))))).)))))........,GGGACGGCAGCCAG,))).)....))))),CCCOGOOOOCGGUC,2
906,hsa-mir-4793,UUUCUCCUCGCUGCCCGCACAUCCUGCUCCACAGGGCAGAGGGAGGCCAAGAAGACCUCUGCACUGUGAGUUGGCUGGCUGGAGGAA,....(((((.(.(((.((.((....((((.((((.(((((((.............))))))).)))))))))))).))).)))))).,GAAGACCUCUGCAC,.....))))))).),OOOOOGGAGACGOG,2
907,hsa-mir-6878,AUGAGAGGGAGAAAGCUAGAAGCUGAAGAUUCUGAAAAUCACUAACUGGCCUCUUCUUUCUCCUAG,......(((((((((..(((.(((..((.(..(((...)))..).))))).))).)))))))))..,UCACUAACUGGCCU,)))..).))))).),AGUOOUOGAUCGOA,2
908,hsa-mir-488,GAGAAUCAUCUCUCCCAGAUAAUGGCACUCUCAAACAAGUUUCCAAAUUGUUUGAAAGGCUAUUUCUUGGUCAGAUGACUCUC,((((.((((((..((.(((.((((((.((.((((((((.........)))))))).))))))))))).))..)))))).)))),AAAUUGUUUGAAAG,...)))))))).)),OOOAACAAACUOUC,2
909,hsa-mir-208a,UGACGGGCGAGCUUUUGGCCCGGGUUAUACCUGAUGCUCACGUAUAAGACGAGCAAAAAGCUUGUUGGUCA,((((.(((((((((((.((.((..((((((.(((...))).))))))..)).)).))))))))))).)))),CUCACGUAUAAGAC,.))).))))))..),OAGUOCAUAUUOOG,2
910,hsa-mir-6730,CCGAAAGAAAGGUGGAGGGGUUGUCAGAGCUGCAGCUGCUCCACCCUGACACCCCAUCUGCCCUCAG,..........(((((((((((.((((((((.......)))).....))))))))).)))))).....,GCUCCACCCUGACA,)))).....))))),CGAGOOOOOACUGU,2
911,hsa-mir-6788,GACGGCUGGGAGAAGAGUGGUGAAGAAGAGUAUUGAUUGUGCUGUUCGCCACUUCCCUCCCUGCAG,....((.(((((..(((((((((...(.(((((.....))))).))))))))))..))))).))..,UGUGCUGUUCGCCA,.))))).))))))),OUAUGAOAAGUGGU,2
912,hsa-mir-654,GGGUAAGUGGAAAGAUGGUGGGCCGCAGAACAUGUGCUGAGUUCGUGCCAUAUGUCUGCUGACCAUCACCUUUAGAAGCCC,((((......((((.((((((.(.(((((.(((((((.........).))))))))))).).)))))).))))....)))),CGUGCCAUAUGUCU,...).))))))))),OOOCOGUGUACAGA,2
913,hsa-mir-6864,GAAAGUUGAAGGGACAAGUCAGAUAUGCCAUUAUGUGGGUCAUGAGGUGGUGAGACUUCUCUCCCUUCAG,......((((((((.(((((..((..(((.(((((.....)))))))).))..)))))...)))))))).,UGAGGUGGUGAGAC,)))))).))..))),AUUCCGOUAOOCUG,2
914,hsa-mir-508,CCACCUUCAGCUGAGUGUAGUGCCCUACUCCAGAGGGCGUCACUCAUGUAAACUAAAACAUGAUUGUAGCCUUUUGGAGUAGAGUAAUACACAUCACGUAACGCAUAUUUGGUGG,(((((....((((((((((.(((.((((((((((((((..((.((((((........)))))).))..)))))))))))))).))).))))).)))......))......))))),UAAAACAUGAUUGU,....)))))).)).,OOOOUGUACUOACO,2
915,hsa-mir-4652,UAUUGGACGAGGGGACUGGUUAAUAGAACUAACUAACCAGAACUAUUUUGUUCUGUUAACCCAUCCCCUCAUCUAAUA,(((((((.(((((((..((((((((((((....................))))))))))))..))))))).))))))),CUAUUUUGUUCUGU,.......))))))),OOOOOOOCAAGAUA,2
916,hsa-mir-3124,GCGGGCUUCGCGGGCGAAGGCAAAGUCGAUUUCCAAAAGUGACUUUCCUCACUCCCGUGAAGUCGGC,((.(((((((((((.(.(((.((((((.((((....)))))))))))))..).))))))))))).)),AAAAGUGACUUUCC,..)))))))))))),OOUUUACUGAAAGG,2
917,hsa-mir-433,CCGGGGAGAAGUACGGUGAGCCUGUCAUUAUUCAGAGAGGCUAGAUCCUCUGUGUUGAGAAGGAUCAUGAUGGGCUCCUCGGUGUUCUCCAGG,((..((((((...(((.(((((((((((.(((((.(((((......))))).))........))).))))))))))).)))...)))))).)),GAGAAGGAUCAUGA,......))).)))),OOOOOOUUAOUACU,2
918,hsa-mir-2681,GCCCCCUUUUCACGCAUUUGUGUUUUACCACCUCCAGGAGACUGCCCAAAGACUCUUCAGUAUCAUGGAGUUGGUAAAGCACAGAUGCAUGAAUAAUUCAACGUG,........((((.(((((((((((((((((.(((((.((.((((.............)))).)).))))).))))))))))))))))).))))............,UCUUCAGUAUCAUG,....)))).)).)),OOOOGUCAOAGOAC,2
919,hsa-mir-4787,CGGUCCAGACGUGGCGGGGGUGGCGGCGGCAUCCCGGACGGCCUGUGAGGGAUGCGCCGCCCACUGCCCCGCGCCGCCUGACCG,(((((.((..((((((((((((((((((.((((((..((.....))..)))))))))))))....))))).))))))))))))),UGUGAGGGAUGCGC,.))..))))))))),OCAOOCCCUACGCG,2
920,hsa-mir-548ap,ACCAAUUCCUAGGUUGGUGCAAAAGUAAUUGCGGUCUUUGUCAUUAAAACCAAUAACAAAAACCACAAUUACUUUUUACUGACCUAAAGAUUAAUU,...((((..((((((((((.(((((((((((.(((.(((((.(((......))).))))).))).)))))))))))))))))))))..))))....,CAAUAACAAAAACC,.))).))))).))),OUUAOUGUUUOUGG,2
921,hsa-mir-4760,GCCAUGGUGUUUAGAUUGAACAUGAAGUUAGAAUUCUUAAGUAUCAAAACUAAAUUCAUGUUCAAUCUAAACCCCAUGGC,(((((((.((((((((((((((((((.((((..................)))).)))))))))))))))))).))))))),CAAAACUAAAUUCA,.....)))).)))),OOOOOGAUUOAAGU,2
922,hsa-mir-4676,UGAAUGAAAGAGCCAGUGGUGAGACAGUGAGUUGAUUACUUCUCACUGUUUCACCACUGGCUCUUUGGUUCA,(((((.(((((((((((((((((((((((((..(....)..))))))))))))))))))))))))).))))),UACUUCUCACUGUU,..)..))))))))),OOGOOGAGUGACAG,2
923,hsa-mir-4802,CUGACUGGCUUGUAUGGAGGUUCUAGACCAUGUUAGUGUUCAAGUCUACAUGGAUGGAAACCUUCAAGCAGGCCAAGCAG,(((..((((((((.(((((((((((..((((((.((.........)))))))).))).)))))))).))))))))..))),UCAAGUCUACAUGG,......)))))))),OOOOOOGAUGUACC,2
924,hsa-mir-6735,GCAGCCAGGGCAGAGGGCACAGGAAUCUGAGGUGACUGGCACAGAAGACUCAGGCCUGUGGCUCCUCCCUCAG,......((((.((.((.((((((..((((((....(((...)))....)))))))))))).)).))))))...,AAGACUCAGGCCUG,....)))))))))),OOOOGAGUCUGGAC,2
925,hsa-mir-3140,CCUCUUGAGGUACCUGAAUUACCAAAAGCUUUAUGUAUUCUGAAGUUAUUGAAAAUAAGAGCUUUUGGGAAUUCAGGUAGUUCAGGAGUG,.((((((((.(((((((((..(((((((((((.(((.(((..........))).))))))))))))))..))))))))).))))))))..,AAAUAAGAGCUUUU,).)))))))))))),UOUGUUUUCGAAAA,2
926,hsa-mir-4632,GAGGGCAGCGUGGGUGUGGCGGAGGCAGGCGUGACCGUUUGCCGCCCUCUCGCUGCUCUAG,.(((((((((.(((.((((((((((((....)).)).)))))))).))).)))))))))..,GACCGUUUGCCGCC,).)).)))))))).,COGGOAGGCGGUGO,2
927,hsa-mir-425,GAAAGCGCUUUGGAAUGACACGAUCACUCCCGUUGAGUGGGCACCCGAGAAGCCAUCGGGAAUGUCGUGUCCGCCCAGUGCUCUUUC,(((((.((.((((...(((((((.((.(((((....((((............))))))))).)))))))))...)))).)).))))),AGAAGCCAUCGGGA,.....))))))))),OOOOOGGUGGCCCU,2
928,hsa-mir-485,ACUUGGAGAGAGGCUGGCCGUGAUGAAUUCGAUUCAUCAAAGCGAGUCAUACACGGCUCUCCUCUCUUUUAGU,(((.(((((((((..(((((((((((.((((...........)))))))).)))))))..))))))))).))),AAAGCGAGUCAUAC,....)))))))).),OOOOGCUUAGUAOG,2
929,hsa-mir-449c,GCUGGGAUGUGUCAGGUAGGCAGUGUAUUGCUAGCGGCUGUUAAUGAUUUUAACAGUUGCUAGUUGCACUCCUCUCUGUUGCAUUCAGAAGC,(((.((((((..((((.(((.((((((..(((((((((((((((.....)))))))))))))))))))))))).))))..))))))...))),UUAACAGUUGCUAG,)))))))))))))),AAUUGUCGGCGAUC,2
930,hsa-mir-302d,CCUCUACUUUAACAUGGAGGCACUUGCUGUGACAUGACAAAAAUAAGUGCUUCCAUGUUUGAGUGUGG,((..(((((.((((((((((((((((.(((......)))....)))))))))))))))).))))).)),ACAAAAAUAAGUGC,)))....))))))),UGUOOOOGUUCACG,2
931,hsa-mir-6857,GCUUGUUGGGGAUUGGGUCAGGCCAGUGUUCAAGGGCCCCUCCUCUAGUACUCCCUGUUUGUGUUCUGCCACUGACUGAGCUUCUCCCCACAG,...(((.(((((..((.((((..(((((....(((((........(((......))).....)))))..))))).)))).))..)))))))).,CUGCCACUGACUGA,))..))))).)))),GAOOGUGACOGACU,2
932,hsa-mir-6859-4,UGUGGGAGAGGAACAUGGGCUCAGGACAGCGGGUGUCAGCUUGCCUGACCCCCAUGUCGCCUCUGUAG,....(.(((((.(((((((.(((((..(((........)))..)))))..)))))))..))))).)..,GCUUGCCUGACCCC,)))..)))))..)),CGAOOGGACUOOGG,2
933,hsa-mir-3616,UGUCACUCCGCCAGCAUCAUGAAGUGCACUCAUGAUAUGUUUGCCCCAUCAGCGUGUCACGAGGGCAUUUCAUGAUGCAGGCGGGGUUGGCA,((((((((((((.((((((((((((((.(((.(((((((((.........))))))))).))).)))))))))))))).))))))).))))),CGUGUCACGAGGGC,))))))).))).)),GUAUAGUOCUCOCG,2
934,hsa-mir-193a,CGAGGAUGGGAGCUGAGGGCUGGGUCUUUGCGGGCGAGAUGAGGGUGUCGGAUCAACUGGCCUACAAAGUCCCAGUUCUCGGCCCCCG,.......(((.(((((((((((((.(((((.((((.((.(((..........))).)).)))).))))).))))))))))))).))).,UCGGAUCAACUGGC,.....))).)).)),OOOOOAGUOGAOCG,2
935,hsa-mir-24-2,CUCUGCCUCCCGUGCCUACUGAGCUGAAACACAGUUGGUUUGUGUACACUGGCUCAGUUCAGCAGGAACAGGG,(((((..(((.((....(((((((((..((((((.....))))))....)))))))))...)).))).))))),UGUACACUGGCUCA,)))....))))))),ACAOOOOGUCGAGU,2
936,hsa-mir-1247,CCGCUUGCCUCGCCCAGCGCAGCCCCGGCCGCUGGGCGCACCCGUCCCGUUCGUCCCCGGACGUUGCUCUCUACCCCGGGAACGUCGAGACUGGAGCGCCCGAACUGAGCCACCUUCGCGGACCCCGAGAGCGGCG,.((((.((((((.((.(((.((....(((((.(((((((.((.(((.((..(((.(((((..((........)).))))).))).)).))).)).)))))))...)).)))..)).)))))....)))).)))))),CUCUCUACCCCGGG,......)).))))),OOOOOOUGOGGCCC,2
937,hsa-mir-6813,GUAGGCAGGGGCUGGGGUUUCAGGUUCUCAGUCAGAACCUUGGCCCCUCUCCCCAG,.......((((..((((((..(((((((.....))))))).))))))...))))..,CAGUCAGAACCUUG,.....))))))).),OOOOOUCUUGGAOU,2
938,hsa-mir-7111,CUGGGGGAGGAAGGACAGGCCAUCUGCUAUUCGUCCACCAACCUGACUUGAUCCUCUCUUCCCUCCUCCCAG,((((((((((.((((.(((..(((.........................)))))).)))).))))).))))),UGACUUGAUCCUCU,......)))))).),OOOOOOCUAGGAOA,2
939,hsa-mir-491,UUGACUUAGCUGGGUAGUGGGGAACCCUUCCAUGAGGAGUAGAACACUCCUUAUGCAAGAUUCCCUUCUACCUGGCUGGGUUGG,..(((((((((((((((.((((((..(((.((((((((((.....)))))))))).))).)))))).)))))))))))))))..,AACACUCCUUAUGC,...)))))))))).,OOOUGAGGAGUACO,2
940,hsa-mir-3190,CUGGGGUCACCUGUCUGGCCAGCUACGUCCCCACGGCCCUUGUCAGUGUGGAAGGUAGACGGCCAGAGAGGUGACCCCGG,((((((((((((.(((((((..((((.(((.((((((....))).))).)))..))))..))))))).)))))))))))),UUGUCAGUGUGGAA,..))).))).))).,OOCGGOCACOCCUO,2
941,hsa-mir-376b,CAGUCCUUCUUUGGUAUUUAAAACGUGGAUAUUCCUUCUAUGUUUACGUGAUUCCUGGUUAAUCAUAGAGGAAAAUCCAUGUUUUCAGUAUCAAAUGCUG,((((.....(((((((((.(((((((((((.(((((.(((((...((..........))....)))))))))).))))))))))).))))))))).)))),CUGGUUAAUCAUAG,...))....))))),OOOCAOOOOGUAUC,2
942,hsa-mir-6895,CAGCUCAGGGCCAGGCACAGAGUAAGCAUCAAUAGCAUUGGCAAGUUGAACUGAGCUGUCUCUCGCCCUUGGCCUUAG,......((((((((((..((((..(((.(((.((((........))))...))))))..)))).)))..)))))))..,ACUGAGCUGUCUCU,..))))))..)))),OOACUCGAOOGAGA,2
943,hsa-mir-4695,CCUGCAGGAGGCAGUGGGCGAGCAGGCGGGGCAGCCCAAUGCCAUGGGCCUGAUCUCACCGCUGCCUCCUUCCC,.....(((((((((((((.((.(((((..((((......))))....))))).)).).))))))))))))....,AUGGGCCUGAUCUC,....))))).)).),OOOOCGGACOAGOG,2
944,hsa-mir-7161,UAAAGACUGUAGAGGCAACUGGUGUUCUCACGCAAAGUGGCCAGGGUGUGGGAGACUAGAUCUUUGACUCUGGCAGUCUCCAGG,...(((((((((((.((((((((.(((((((((............))))))))))))))....))).)))).))))))).....,GGGAGACUAGAUCU,))))))))))....,CUCUUUGGUCOOOO,2
945,hsa-mir-519e,UCUCAUGCAGUCAUUCUCCAAAAGGGAGCACUUUCUGUUUGAAAGAAAACAAAGUGCCUCCUUUUAGAGUGUUACUGUUUGAGA,(((((.(((((.((.(((.(((((((.((((((..(((((......))))))))))).))))))).))).)).))))).))))),GAAAACAAAGUGCC,..))))))))))).,OOUUUGUUUCACGO,2
946,hsa-mir-21,UGUCGGGUAGCUUAUCAGACUGAUGUUGACUGUUGAAUCUCAUGGCAACACCAGUCGAUGGGCUGUCUGACA,((((((((((((((((.(((((.(((((.((((.((...))))))))))).))))))))))))))))))))),CUCAUGGCAACACC,.))))))))))).),OAGUGUCGUUGUOG,2
947,hsa-mir-3126,AUGAUUAUAUGAGGGACAGAUGCCAGAAGCACUGGUUAUGAUUUGCAUCUGGCAUCCGUCACACAGAUAAUUAU,((((((((.((...(((.(((((((((.(((............))).))))))))).)))...)).)))))))),UGAUUUGCAUCUGG,.....))).))))),OOOOOACGOAGACC,2
948,hsa-mir-570,CUAGAUAAGUUAUUAGGUGGGUGCAAAGGUAAUUGCAGUUUUUCCCAUUAUUUUAAUUGCGAAAACAGCAAUUACCUUUGCACCAACCUGAUGGAGU,.........(((((((((.(((((((((((((((((.((((((.(.((((...)))).).)))))).))))))))))))))))).)))))))))...,UUAAUUGCGAAAAC,.)))).).)))))),OAUUAOCOUUUUUG,2
949,hsa-mir-548av,AAAAGUACUUGCGGAUUUGCCAUCACCUUUACCUUUAAUGGCAAAACUGCAGUUACUUUUGC,(((((((.((((((.((((((((..............)))))))).)))))).)))))))..,UAAUGGCAAAACUG,..)))))))).))),OOUACCGUUUOGGC,2
950,hsa-mir-6875,GAGUCUGAGGGACCCAGGACAGGAGAAGGCCUAUGGUGAUUUGCAUUCUUCCUGCCCUGGCUCCAUCCUCAG,....((((((((.(((((.((((((((.((..((....))..)).))).))))).))))).))...)))))),GAUUUGCAUUCUUC,.))..)).))).)),OUAOOCGOAAGOAG,2
951,hsa-mir-4423,AUCAUGUACUGCAGUUGCCUUUUUGUUCCCAUGCUGUUUAAGCCUAGCAUAGGCACCAAAAAGCAACAACAGUAUGUGAA,.((((((((((..(((((.((((((...((((((((........)))))).))...)))))))))))..)))))))))).,GCCUAGCAUAGGCA,...)))))).))..,OOOGUCGUAOCCOO,2
952,hsa-mir-6827,UCUGGUGGGAGCCAUGAGGGUCUGUGCUGUCUCUGAGCACCGUCUCUUCUGUUCCCCAG,.((((..(((((...(((((.(.(((((.......))))).).)))))..))))))))),UCUGAGCACCGUCU,....))))).).)),OOOOUCGUGOCOGG,2
953,hsa-mir-4723,AGUUGGUGGGGGAGCCAUGAGAUAAGAGCACCUCCUAGAGAAUGUUGAACUAAAGGUGCCCUCUCUGGCUCCUCCCCAAAG,..((((.((((((((((.((((...(.((((((..(((...........))).))))))).))))))))))))))))))..,AAAGGUGCCCUCUC,).))))))).)))),UOUCCACGGOAGAG,2
954,hsa-mir-192,GCCGAGACCGAGUGCACAGGGCUCUGACCUAUGAAUUGACAGCCAGUGCUCUCGUCUCCCCUCUGGCUGCCAAUUCCAUAGGUCACAGGUAUGUUCGCCUCAAUGCCAGC,.........(((.(((((.(.((.((((((((((((((.(((((((................))))))).))))).))))))))).)).).)))..))))).........,CCUCUGGCUGCCAA,...))))))).))),OOOGACCGACOGUU,2
955,hsa-mir-7-2,CUGGAUACAGAGUGGACCGGCUGGCCCCAUCUGGAAGACUAGUGAUUUUGUUGUUGUCUUACUGCGCUCAACAACAAAUCCCAGUCUACCUAAUGGUGCCAGCCAUCGCA,(((....))).((((...(((((((.((((..((.(((((.(.(((((.(((((((............))))))))))))).))))).))..)))).))))))).)))).,CGCUCAACAACAAA,....)))))))))),OOOOGUUGUUGUUU,2
956,hsa-mir-320a,CUCCCCUCCGCCUUCUCUUCCCGGUUCUUCCCGGAGUCGGGAAAAGCUGGGUUGAGAGGGCGAAAAAGGAUG,.(((....(((((((((..(((((((.((((((....)))))).)))))))..))))))))).....)))..,AGUCGGGAAAAGCU,...)))))).)))),OOOGCCCUUOUUGG,2
957,hsa-mir-200c,CCCUCGUCUUACCCAGCAGUGUUUGGGUGCGGUUGGGAGUCUCUAAUACUGCCGGGUAAUGAUGGAGG,.(((((((((((((.((((((((.(((.((........))))).)))))))).)))))).))).)))),GAGUCUCUAAUACU,..))))).)))))),OOCGGGGOUUGUGA,2
958,hsa-mir-6848,GUCCCUGGGGGCUGGGAUGGGCCAUGGUGUGCUCUGAUCCCCCUGUGGUCUCUUGGCCCCCAGGAACUCC,((.((((((((((((((..((((((((...............)))))))))))))))))))))).))...,UCCCCCUGUGGUCU,.....))))))))),OOOOOGGUACCGGA,2
959,hsa-mir-193b,GUGGUCUCAGAAUCGGGGUUUUGAGGGCGAGAUGAGUUUAUGUUUUAUCCAACUGGCCCUCAAAGUCCCGCUUUUGGGGUCAU,((((((((((((.(((((((((((((((.((.((.((.........)).)).)).))))))))))))))).)))))))))))),UUUAUCCAACUGGC,...)).)).)).)),OOOUGOGUOGAOCG,2
960,hsa-mir-3675,GGAUGAUAAGUUAUGGGGCUUCUGUAGAGAUUUCUAUGAGAACAUCUCUAAGGAACUCCCCCAAACUGAAUUC,((((....((((.(((((.((((.(((((((((((...)))).))))))).))))...)))))))))..)))),AUGAGAACAUCUCU,...)))).)))))),OOOUCUUOUAGAGA,2
961,hsa-mir-6862-2,CGAAGCGGGCAUGCUGGGAGAGACUUUGUGAUUUGUCUCCAAAGCCUCACCCAGCUCUCUGGCCCUCUAG,...((.((((..((((((.(((.(((((.((......))))))).))).))))))......)))).))..,UCCAAAGCCUCACC,))))))).))).)),AGGUUUCOGAGOGG,2
962,hsa-mir-138-2,CGUUGCUGCAGCUGGUGUUGUGAAUCAGGCCGACGAGCAGCGCAUCCUCUUACCCGGCUAUUUCACGACACCAGGGUUGCAUCA,.(.(((.((..(((((((((((((...(((((..(((.((......)))))...)))))..))))))))))))).)).))).).,UUACCCGGCUAUUU,))...)))))..)),AGOOOGCCGGOOAA,2
963,hsa-mir-4714,AUUUUGGCCAACUCUGACCCCUUAGGUUGAUGUCAGAAUGAGGUGUACCAACCUAGGUGGUCAGAGUUGGCCAAAAU,(((((((((((((((((((.(((((((((((.(((...))).))....))))))))).))))))))))))))))))),AGGUGUACCAACCU,).))....)))))),UOUAOOOOGUUGGA,2
964,hsa-mir-132,CCGCCCCCGCGUCUCCAGGGCAACCGUGGCUUUCGAUUGUUACUGUGGGAACUGGAGGUAACAGUCUACAGCCAUGGUCGCCCCGCAGCACGCCCACGCGC,.(((....((((((.(.((((.(((((((((...((((((((((..(....)....))))))))))...))))))))).)))).).)).))))....))).,CUGGAGGUAACAGU,)....))))))))),GOOOOUCAUUGUUA,2
965,hsa-mir-6884,CCCGCAGAGGCUGAGAAGGUGAUGUUGGCUCAAGAAAGGGAGAUAGAUGGUAGCCCAUCACCUUUCCGUCUCCCCUAG,......(((((.((((.(((((((..(((((..................).))))))))))))))).)))))......,AUGGUAGCCCAUCA,...).))))))))),OOOCOUCGGGUAGU,2
966,hsa-mir-1273h,UACUUGGGUGACUAAGGCAGGAUUGCUUGAGCCUGGGAGGUCAAGGCUGCAGUGUCGUGGUCACAGCUUGCUGCAGACUCGACCUCCCAGGCUUAAGCAAUCCUCCUGCUCGAGUG,(((((((((.....(((.((((((((((((((((((((((((.((.((((((((...((....))...)))))))).)).)))))))))))))))))))))))))))))))))))),CAGCUUGCUGCAGA,))...)))))))).,GUOOOGUGACGUCO,2
967,hsa-mir-199a-1,GCCAACCCAGUGUUCAGACUACCUGUUCAGGAGGCUCUCAAUGUGUACAGUAGUCUGCACAUUGGUUAGGC,(((...(((((((.((((((((.(((.((.(((...)))..))...))))))))))).)))))))...))),AAUGUGUACAGUAG,..))...))))))),OOACOOOUGUCAUC,2
968,hsa-mir-6887,GAGAAUGGGGGGACAGAUGGAGAGGACACAGGCUGGCACUGAGGUCCCCUCCACUUUCCUCCUAG,.....((((((((.((.(((((.((((.(((.......)))..)))).))))))).)))))))).,ACUGAGGUCCCCUC,.)))..)))).))),OGACOOCAGGOGAG,2
969,hsa-mir-378a,AGGGCUCCUGACUCCAGGUCCUGUGUGUUACCUAGAAAUAGCACUGGACUUGGAGUCAGAAGGCCU,(((.((.((((((((((((((.((((..(........)..)))).)))))))))))))).)).))),AAAUAGCACUGGAC,..)..)))).)))),OOUOOUGUGOCCUG,2
970,hsa-mir-1909,CAUCCAGGACAAUGGUGAGUGCCGGUGCCUGCCCUGGGGCCGUCCCUGCGCAGGGGCCGGGUGCUCACCGCAUCUGCCCC,....((((....((((((((((((((.(((((.(.(((.....))).).))))).))).)))))))))))..))))....,GUCCCUGCGCAGGG,..))).).))))).,OOGGGOCOCGUCCO,2
971,hsa-mir-7108,GUGUGGCCGGCAGGCGGGUGGGCGGGGGCGGCCGGUGGGAACCCCGCCCCGCCCCGCGCCCGCACUCACCCGCCCGUCUCCCCACAG,(((.((..(((.((((((((((((((.((((..((((((........)))))))))).))))).).)))))))).)))..)))))..,CGCACUCACCCGCC,))).).)))))))),GCGOGOGUGGGCGG,2
972,hsa-mir-329-2,GUGGUACCUGAAGAGAGGUUUUCUGGGUUUCUGUUUCUUUAUUGAGGACGAAACACACCUGGUUAACCUCUUUUCCAGUAUCAA,.((((((..(((((((((((..((((((...((((((.((......)).)))))).))))))..)))))))))))..)))))).,AGGACGAAACACAC,..)).)))))).)),OOUUOCUUUGUOUG,2
973,hsa-mir-4707,GGUUCCGGAGCCCCGGCGCGGGCGGGUUCUGGGGUGUAGACGCUGCUGGCCAGCCCGCCCCAGCCGAGGUUCUCGGCACC,(((.((((((((.((((..(((((((..((((...((((...))))...)))))))))))..)))).))))).))).))),GCUGGCCAGCCCGC,))...))))))))),UGOOOGGUCGGGCG,2
974,hsa-mir-4520-2,CCUGCGUGUUUUCUGUCCAAAUCCUUUUCUGAUUUGGACAGAAAACACGCAGGU,(((((((((((((((((((((((.......))))))))))))))))))))))).,UUUCUGAUUUGGAC,.....))))))))),OOOOOCUAAACCUG,2
975,hsa-mir-4782,AUUGCCCAGUUCUGGAUAUGAAGACAAUCAAGAAAAGAUUUGGUGUUCUUGAUUGUCUUCAUAUCUAGAACUGGGCAGU,((((((((((((((((((((((((((((((((((...........)))))))))))))))))))))))))))))))))),GUGUUCUUGAUUGU,...))))))))))),OOOAAGAACUAACA,2
976,hsa-mir-196a-2,UGCUCGCUCAGCUGAUCUGUGGCUUAGGUAGUUUCAUGUUGUUGGGAUUGAGUUUUGAACUCGGCAACAAGAAACUGCCUGAGUUACAUCAGUCGGUUUUCGUCGAGGGC,..(((((..(((((((.((((((((((((((((((.((((((((((.((........)))))))))))).))))))))))))))))))...)))))))...).))))...,UUGAACUCGGCAAC,...))))))))))),OOOUUGGGUUGUUG,2
977,hsa-mir-302c,CCUUUGCUUUAACAUGGGGGUACCUGCUGUGUGAAACAAAAGUAAGUGCUUCCAUGUUUCAGUGGAGG,((((((((..(((((((((((((.((((.(((...)))..)))).)))))))))))))..)))))))),ACAAAAGUAAGUGC,)))..)))).)))),UGUOOUCGUOCAUG,2
978,hsa-mir-548d-1,AAACAAGUUAUAUUAGGUUGGUGCAAAAGUAAUUGUGGUUUUUGCCUGUAAAAGUAAUGGCAAAAACCACAGUUUCUUUUGCACCAGACUAAUAAAG,..........((((((..(((((((((((.((((((((((((((((............)))))))))))))))).)))))))))))..))))))...,GUAAUGGCAAAAAC,.....))))))))),OOOOOCCGUUUUUG,2
979,hsa-mir-221,UGAACAUCCAGGUCUGGGGCAUGAACCUGGCAUACAAUGUAGAUUUCUGUGUUCGUUAGGCAACAGCUACAUUGUCUGCUGGGUUUCAGGCUACCUGGAAACAUGUUCUC,.((((((((((((....(((.(((((((((((.(((((((((....(((((((.....))).))))))))))))).))))))).)))).))))))))))....)))))..,AGGCAACAGCUACA,.))).))))))))),OUUGOUGUCGAUGU,2
980,hsa-mir-7107,UGCCGUCGGCCUGGGGAGGAGGAAGGGCAAGUCCAAAGGUAUACAGUUGGUCUGUUCAUUCUCUCUUUUUGGCCUACAAG,....((.((((.(((((((((((.(((((.(.((((..(....)..)))).)))))).))))).)))))))))).))...,AUACAGUUGGUCUG,...)..)))).))),OOOGOOAACCOGAC,2
981,hsa-mir-337,GUAGUCAGUAGUUGGGGGGUGGGAACGGCUUCAUACAGGAGUUGAUGCACAGUUAUCCAGCUCCUAUAUGAUGCCUUUCUUCAUCCCCUUCAA,.............((((((((((((.(((.(((((.(((((((((((......))).)))))))).))))).))).))).)))))))))....,UAUCCAGCUCCUAU,))).)))))))).),GUAOGUUGAGGAOA,2
982,hsa-mir-1915,UGAGAGGCCGCACCUUGCCUUGCUGCCCGGGCCGUGCACCCGUGGGCCCCAGGGCGACGCGGCGGGGGCGGCCCUAGCGA,..((.((((((.(((((((.((.((((((((((..((....)).)))))..))))).)).))))))))))))))).....,CCGUGGGCCCCAGG,..)).)))))..)),OOCGOCCGGGOOCC,2
983,hsa-mir-549a,AGACAUGCAACUCAAGAAUAUAUUGAGAGCUCAUCCAUAGUUGUCACUGUCUCAAAUCAGUGACAACUAUGGAUGAGCUCUUAAUAUAUCCCAGGC,.................((((((((((((((((((((((((((((((((........)))))))))))))))))))))))))))))))).......,AAAUCAGUGACAAC,....)))))))))),OOOOGUCACUGUUG,2
984,hsa-mir-495,UGGUACCUGAAAAGAAGUUGCCCAUGUUAUUUUCGCUUUAUAUGUGACGAAACAAACAUGGUGCACUUCUUUUUCGGUAUCA,(((((((.((((((((((.(((((((((..((((((.........).)))))..))))))).)))))))))))).))))))),UGUGACGAAACAAA,...).)))))..)),OOOCOGCUUUOOUU,2
985,hsa-mir-6722,GGCCUCAGGCAGGCGCACCCGACCACAUGCAUGGCUGGUGGCGGCGUGCAGGGGUCGGGUGGGCCAGGCUGUGGGGCG,.(((((((((.(((.(((((((((.(.((((((.(((....))))))))).)))))))))).)))..))).)))))).,GGCGGCGUGCAGGG,..))))))))).)),OOGUCGUACGUOCC,2
986,hsa-mir-3065,CUGCCCUCUUCAACAAAAUCACUGAUGCUGGAGUCGCCUGAGUCAUCACUCAGCACCAGGAUAUUGUUGGAGAGGACAG,(((.((((((((((((.(((.(((.(((((((.((....)).))......))))).)))))).)))))))))))).))),UCAUCACUCAGCAC,))......))))).,AGOOOOOOGUCGUO,2
987,hsa-mir-4758,GGUGAGUGGGAGCCGGUGGGGCUGGAGUAAGGGCACGCCCGGGGCUGCCCCACCUGCUGACCACCCUCCCC,((.(.((((.(((.((((((((...(((..(((....)))...))))))))))).)))..)))).).))..,CCGGGGCUGCCCCA,))...))))))))),GGOOOUGACGGGGU,2
988,hsa-mir-6747,UUUGGAGGGGUGUGGAAAGAGGCAGAACAUUCGUUCACUUUCCUGCCUUCCUCUGCACCAG,........((((((((..(((((((.................)))))))..))))))))..,UUCACUUUCCUGCC,.........))))),OOOOOOOOOGACGG,2
989,hsa-mir-6505,GCAUUGGAAUAGGGGAUAUCUCAGCAUGUUGAGCCCUGUCUCUGGGGAGCUGACUUCUACCUCUUCCAAAG,...((((((.((((((....(((((........((((......)))).)))))..))).))).))))))..,GGGGAGCUGACUUC,)))).)))))..)),UCCCOCGACUOOAG,2
990,hsa-mir-590,UAGCCAGUCAGAAAUGAGCUUAUUCAUAAAAGUGCAGUAUGGUGAAGUCAAUCUGUAAUUUUAUGUAUAAGCUAGUCUCUGAUUGAAACAUGCAGCA,....((((((((.((.(((((((.(((((((.(((((..(((.....)))..))))).))))))).))))))).)).))))))))............,CAAUCUGUAAUUUU,))..))))).)))),GUOOGACGUOAAAA,2
991,hsa-mir-126,CGCUGGCGACGGGACAUUAUUACUUUUGGUACGCGCUGUGACACUUCAAACUCGUACCGUGAGUAAUAAUGCGCCGUCCACGGCA,.((((..(((((..(((((((((((.(((((((.....(((....)))....))))))).)))))))))))..)))))..)))).,UUCAAACUCGUACC,.)))....)))))),OAGUOOOOGCAUGG,2
992,hsa-mir-6736,CUGAGCUGGGUGAGGGCAUCUGUGGUUUGCUGGCUGCCUCAGCUCCUCUCUACCCACAG,(((...((((((((((...(((.(((.........))).)))...))))).)))))))),GGCUGCCUCAGCUC,....))).)))...,OOOOUGGOGUCOOO,2
993,hsa-mir-4664,GUUGGGGGCUGGGGUGCCCACUCCGCAAGUUAUCACUGAGCGACUUCCGGUCUGUGAGCCCCGUCCUCCGC,..((((((.((((((.(.((..(((.(((((.((...))..))))).)))..)).).)))))).)))))).,UGAGCGACUUCCGG,.))..))))).))),OCUOOUUGAAOGCC,2
994,hsa-mir-4727,AAUCUGCCAGCUUCCACAGUGGCAGAUUUUCCCAUAGUGGGAAGCUGGCAGAUUC,(((((((((((((((((.((((.........)))).)).))))))))))))))).,UUUUCCCAUAGUGG,.....)))).)).),OOOOOGGUGOCAOC,2
995,hsa-mir-3158-2,AUUCAGGCCGGUCCUGCAGAGAGGAAGCCCUUCCAAUACCUGUAAGCAGAAGGGCUUCCUCUCUGCAGGACCGGCCUGAAU,(((((((((((((((((((((((((((((((((...............))))))))))))))))))))))))))))))))),UAAGCAGAAGGGCU,......)))))))),OOOOOOCUUCCCGA,2
996,hsa-mir-2276,GUGUUCUUCCAGUCCGCCCUCUGUCACCUUGCAGACGGCUUUCUCUCCGAAUGUCUGCAAGUGUCAGAGGCGAGGAGUGGCAGCUGCAU,((((.((.(((.(((.(((((((.(((.(((((((((...(((.....))))))))))))))).)))))).).))).))).))..)))),CCGAAUGUCUGCAA,..)))))))))))),OOCUUGCAGACGUU,2
997,hsa-mir-6815,CACUGUAGGUGGCGCCGGAGGAGUCAUUUCCCAUCACUAAUGGCUUCUCUUGCACACCCAG,..(((..((((..((.((((((((((((..........)))))))))))).)).))))))),UCACUAAUGGCUUC,.....))))))))),OOOOOUUACUGAGG,2
998,hsa-mir-652,ACGAAUGGCUAUGCACUGCACAACCCUAGGAGAGGGUGCCAUUCACAUAGACUAUAAUUGAAUGGCGCCACUAGGGUUGUGCAGUGCACAACCUACAC,......((...((((((((((((((((((.....(((((((((((..((.....))..))))))))))).))))))))))))))))))...)).....,AUAAUUGAAUGGCG,.))..))))))))),OAUOOACUUACCGU,2
999,hsa-mir-4796,UAAAUUUGUGUCUAUACUCUGUCACUUUACUUUUGGCCUCAAGUCAUUGCAGUAAAGUGGCAGAGUAUAGACACAAAUUUA,(((((((((((((((((((((((((((((((..((((.....))))....))))))))))))))))))))))))))))))),AUUGCAGUAAAGUG,)....))))))))),UOOOOUCAUUUCAC,2
1000,hsa-mir-4738,GGUCGCAUUUCUCCUUCUUACCAGCGCGUUUUCAGUUUCAUAGGGAAGCCUUUCCAUGAAACUGGAGCGCCUGGAGGAGAAGGGGCC,((((.(..(((((((.....((((.((((((.(((((((((.(((((...)))))))))))))))))))))))))))))))).)))),CUUUCCAUGAAACU,.))))))))))))),OAAGGGUACUUUGA,2
1001,hsa-mir-509-1,CAUGCUGUGUGUGGUACCCUACUGCAGACAGUGGCAAUCAUGUAUAAUUAAAAAUGAUUGGUACGUCUGUGGGUAGAGUACUGCAUGACACAUG,((((.((((((((((((.(((((((((((.(((.(((((((............))))))).))))))))).))))).))))))))).))))))),UUAAAAAUGAUUGG,......))))))).,OOOOOOUACUAACO,2
1002,hsa-mir-5581,AGCCUUCCAGGAGAAAUGGAGACCCUAUACAUACCUGUUUCCAUGCCUCCUAGAAGUUCC,...((((.(((((..((((((((.............))))))))..))))).))))....,UACCUGUUUCCAUG,.....)))))))).,OOOOOCAGAGGUAO,2
1003,hsa-mir-5584,CAGGGAAAUGGGAAGAACUAGAUUUGAAUCCAGACCUUUAGUUCUUCCCUUUGCCCAAUU,..(((....(((((((((((((((((....))))..)))))))))))))....)))....,AGACCUUUAGUUCU,)))..))))))))),UUUOOAGAUCAAGA,2
1004,hsa-mir-4715,GGGGAAUGAAAGUUGGCUGCAGUUAAGGUGGCUAAUCAGCUGAUGGUGCCACCUUAACUGCAGCCAAUUCUAAUUCCCC,(((((((...((((((((((((((((((((((..(((....)))...))))))))))))))))))))))...))))))),GCUGAUGGUGCCAC,...)))...))))),OOOCUAOOOCGGUG,2
1005,hsa-mir-5089,AAGGACUUCAGUGGGAUUUCUGAGUAGCAUCCUUGGAAUCUGCACUCAAGGGAUGCUACUCGGAAAUCCCACUGAAGUCCUUUU,((((((((((((((((((((((((((((((((((.((........)).))))))))))))))))))))))))))))))))))..,UCAAGGGAUGCUAC,)).))))))))))),AGOUUCCUACGAUG,2
1006,hsa-mir-30d,GUUGUUGUAAACAUCCCCGACUGGAAGCUGUAAGACACAGCUAAGCUUUCAGUCAGAUGUUUGCUGCUAC,...((.(((((((((...(((((((((((..............))))))))))).))))))))).))...,AGCUAAGCUUUCAG,.....))))))))),OOOOOUCGAAGGUC,2
1007,hsa-mir-7114,UCCGCUCUGUGGAGUGGGGUGCCUGUCCCCUGCCACUGGGUGACCCACCCCUCUCCACCAG,........((((((.((((((...((((((.......))).))).)))))).))))))...,CACUGGGUGACCCA,....))).))).)),OOOOCCCOCUGOGU,2
1008,hsa-mir-4763,CCUGUCCCUCCUGCCCUGCGCCUGCCCAGCCCUCCUGCUCUGGUGACUGAGGACCGCCAGGCAGGGGCUGGUGCUGGGCGGGGGGCGGCGGG,((((((((((((((((.(((((.((((.......((((.((((((.........)))))))))))))).))))).)))))))))).)))))),GACCGCCAGGCAGG,...))))))))))),OOOGUGGUCCGUCC,2
1009,hsa-mir-5197,UAUGGGAUUCCACAGACAAUGAGUAUCAAUGGCACAAACUCAUUCUUGAAUUUUUGCCAGUUCAAGAAGAGACUGAGUCAUCGAAUGCUCUAAAUGUCACUUCACCUCAUGU,((((((........((((..(((((((.(((((.((..(((.((((((((((......)))))))))))))..)).))))).).))))))....)))).......)))))).,CCAGUUCAAGAAGA,..)))))))))))),OOUUAAGUUCUUCU,2
1010,hsa-mir-512-1,UCUCAGUCUGUGGCACUCAGCCUUGAGGGCACUUUCUGGUGCCAGAAUGAAAGUGCUGUCAUAGCUGAGGUCCAAUGACUGAGG,.(((((((..(((..((((((..(((.(((((((((............))))))))).)))..))))))..)))..))))))).,AGAAUGAAAGUGCU,.....))))))))),OOOOOCUUUCACGG,2
1011,hsa-mir-877,GUAGAGGAGAUGGCGCAGGGGACACGGGCAAAGACUUGGGGGUUCCUGGGACCCUCAGACGUGUGUCCUCUUCUCCCUCCUCCCAG,...((((((..((.(.((((((((((.(.......((((((((((...)))))))))).).)))))))))).).))))))))....,ACGUGUGUCCUCUU,.).)))))))))).,OGOGCACAGGGGAO,2
1012,hsa-mir-548at,AAAAGUUAUUGCGGUUUUGGCUGCCAAAAGAAAUGGCCAAAACCGCAGUAACUUUUGU,((((((((((((((((((((((............))))))))))))))))))))))..,AAAUGGCCAAAACC,....)))))))))),OOOOUCGGUUUUGG,2
1013,hsa-mir-6838,CAGGGAAGCAGCAGUGGCAAGACUCCUAGGUCACGGAAGUCCUGCUUCUGUUGCAG,.......(((((((.((((.((((((........)).)))).)))).)))))))..,GUCACGGAAGUCCU,.....)).)))).),OOOOOCCOUCAGOA,2
1014,hsa-mir-376c,AAAAGGUGGAUAUUCCUUCUAUGUUUAUGUUAUUUAUGGUUAAACAUAGAGGAAAUUCCACGUUUU,((((.(((((..(((((.(((((((((.............))))))))))))))..))))).)))),AUGGUUAAACAUAG,.....))))))))),OOOOOAUUUGUAUC,2
1015,hsa-mir-410,GGUACCUGAGAAGAGGUUGUCUGUGAUGAGUUCGCUUUUAUUAAUGACGAAUAUAACACAGAUGGCCUGUUUUCAGUACC,(((((.((((((.((((((((((((.((.((((((..........).))))).)).)))))))))))).))))))))))),AAUGACGAAUAUAA,...).))))).)).,OOOCOGCUUGOGUO,2
1016,hsa-mir-34c,AGUCUAGUUACUAGGCAGUGUAGUUAGCUGAUUGCUAAUAGUACCAAUCACUAACCACACGGCCAGGUAAAAAGAUU,.((((..(((((.(((.((((.(((((.((((((.((....)).))))))))))).)))).))).)))))..)))).,UAGUACCAAUCACU,...)).)))))))),OOOAUOGUUAGUGA,2
1017,hsa-mir-1287,GUUGUGCUGUCCAGGUGCUGGAUCAGUGGUUCGAGUCUGAGCCUUUAAAAGCCACUCUAGCCACAGAUGCAGUGAUUGGAGCCAUGACAA,((((((...(((((.(((((.(((.((((((.((((..(.((........))))))).)))))).))).))))).)))))..))))))..,AAAGCCACUCUAGC,...))))))).))),OOOCGGUGAGOUUG,2
1018,hsa-mir-518a-1,UCUCAAGCUGUGACUGCAAAGGGAAGCCCUUUCUGUUGUCUGAAAGAAGAGAAAGCGCUUCCCUUUGCUGGAUUACGGUUUGAGA,(((((((((((((((((((((((((((.((((((.((.(.....).)).)))))).)))))))))))).)).))))))))))))),AAGAAGAGAAAGCG,.).)).)))))).),OUOUUOUCUUUCOC,2
1019,hsa-mir-4655,CCAAGGGCACACCGGGGAUGGCAGAGGGUCGUGGGAAAGUGUUGACCCUCGUCAGGUCCCCGGGGAGCCCCUGG,(((.((((...(((((((((((.((((((((...........))))))))))))..)))))))...)))).))),AGUGUUGACCCUCG,.....))))))))),OOOOOGCUGGGAGC,2
1020,hsa-mir-6514,UAUGGAGUGGACUUUCAGCUGGCAUUUACGAGUCAGAGUUCUUACAGAGCUGCCUGUUCUUCCACUCCAG,..(((((((((....((((((((........)))))((((((...))))))..)))....))))))))).,UACAGAGCUGCCUG,...))))))..))),OOOUCUUGAOOGAC,2
1021,hsa-mir-219a-2,ACUCAGGGGCUUCGCCACUGAUUGUCCAAACGCAAUUCUUGUACGAGUCUGCGGCCAACCGAGAAUUGUGGCUGGACAUCUGUGGCUGAGCUCCGGG,.(((.(((((((.(((((.(((.(((((..(((((((((((...(.(((...))))...)))))))))))..)))))))).))))).)))))))))),CCAACCGAGAAUUG,))...))))))))),GGOOOGUUCUUAAC,2
1022,hsa-mir-4536-1,AUGUGGUAGAUAUAUGCACGAUAUAUAUACUGCCCUGCUUUUAUACAUACAUACAUACAUACCUAUAUCGUGCAUAUAUCUACCACAU,(((((((((((((((((((((((((......................................))))))))))))))))))))))))),ACCUAUAUCGUGCA,...))))))))))),OOOAUAUAGCACGU,2
1023,hsa-mir-4690,GAGCAGGCGAGGCUGGGCUGAACCCGUGGGUGAGGAGUGCAGCCCAGCUGAGGCCUCUGC,.((.((((..((((((((((.((((........)).)).))))))))))...))))))..,GAGGAGUGCAGCCC,..)).)).)))))),OOCCOCAOGUCGGG,2
1024,hsa-mir-92b,CGGGCCCCGGGCGGGCGGGAGGGACGGGACGCGGUGCAGUGUUGUUUUUUCCCCCGCCAAUAUUGCACUCGUCCCGGCCUCCGGCCCCCCCGGCCC,.(((((..(((.((((.(((((..(((((((.((((((((((((.............))))))))))))))))))).))))).))))))).))))),CCGCCAAUAUUGCA,....)))))))))),OOOOGUUGUGACGU,2
1025,hsa-mir-5001,AGCUCAGGGCGGCUGCGCAGAGGGCUGGACUCAGCGGCGGAGCUGGCUGCUGGCCUCAGUUCUGCCUCUGUCCAGGUCCUUGUGACCCGCCCGCUCUCCU,(((...((((((.(.((((.((((((((((..((.(((((((((((((...))))..))))))))).))))))).)))))))))).))))))))).....,GCCUCAGUUCUGCC,)))..))))))))),CGGOOUCGAGGCGG,2
1026,hsa-mir-4653,UUGUCCAAUUCUCUGAGCAAGGCUUAACACCAAAGGGUUAAGGGUUUGCUCUGGAGUUAAGGGUUGCUUGGAGAAUUGGAGAA,.(.(((((((((((((((((..((((((.(((..((((.........))))))).))))))..))))))))))))))))).).,UUUGCUCUGGAGUU,...))))))).))),OOOUGGGACCOCAA,2
1027,hsa-mir-4445,UUCCUGCAGAUUGUUUCUUUUGCCGUGCAAGUUUAAGUUUUUGCACGGCAAAAGAAACAAUCCAGAGGGU,.((((...(((((((((((((((((((((((........)))))))))))))))))))))))...)))).,GUUUUUGCACGGCA,...))))))))))),OOOGAACGUGCCGU,2
1028,hsa-mir-215,AUCAUUCAGAAAUGGUAUACAGGAAAAUGACCUAUGAAUUGACAGACAAUAUAGCUGAGUUUGUCUGUCAUUUCUUUAGGCCAAUAUUCUGUAUGACUGUGCUACUUCAA,...........(((((((((((((...((.((((.(((.((((((((((...........)))))))))).)))..)))).))...)))))))).)))))..........,GAGUUUGUCUGUCA,....)))))))))),OOOOAACAGACAGU,2
1029,hsa-mir-4766,CUGAAGCUCCUUCUGAAAGAGCAGUUGGUGUUUAUUUUUUACUAAAUAGCAAUUGCUCUUUUGGAAGGAACUUGAG,((.(((.((((((((((((((((((((.((((((........)))))).)))))))))))))))))))).))).)),UUACUAAAUAGCAA,....)))))).))),OOOOAUUUGUOGUU,2
1030,hsa-mir-520g,UCCCAUGCUGUGACCCUCUAGAGGAAGCACUUUCUGUUUGUUGUCUGAGAAAAAACAAAGUGCUUCCCUUUAGAGUGUUACCGUUUGGGA,(((((.((.(((((.(((((((((((((((((..(((((.............))))))))))))).))))))))).))))).)).))))),AGAAAAAACAAAGU,.....))))))))),OOOOOUUUGUUUCA,2
1031,hsa-mir-190a,UGCAGGCCUCUGUGUGAUAUGUUUGAUAUAUUAGGUUGUUAUUUAAUCCAACUAUAUAUCAAACAUAUUCCUACAGUGUCUUGCC,.(((((.(.(((((.((((((((((((((((..(((((..........)))))))))))))))))))))..))))).).))))).,AAUCCAACUAUAUA,....)))))))))),OOOOGUUGGUAUAU,2
1032,hsa-mir-514a-3,GUUGUCUGUGGUACCCUACUCUGGAGAGUGACAAUCAUGUAUAACUAAAUUUGAUUGACACUUCUGUGAGUAGAGUAACGCAUGACAC,..((((((((.(((.((((((((((.((((.((((((.((........)).)))))).)))))))).)))))).))).)))).)))).,AAAUUUGAUUGACA,..)).)))))).)),OOUGOACUAACOGU,2
1033,hsa-mir-6894,CAAGAAGGAGGAUGGAGAGCUGGGCCAGACAUGCUCUUGCCUGCCCUCUUCCUCCAG,......((((((.((((.((.((((.(((.....))).)))))).))))))))))..,CAUGCUCUUGCCUG,.....))).))))),OOOOOAGAOCGGGC,2
1034,hsa-mir-383,CUCCUCAGAUCAGAAGGUGAUUGUGGCUUUGGGUGGAUAUUAAUCAGCCACAGCACUGCCUGGUCAGAAAGAG,(((.((.((((((..((((.((((((((...(((........)))))))))))))))..)))))).))..))),AUCAGCCACAGCAC,)))))))))))))),UGGUCGGUGUUGUG,2
1035,hsa-mir-411,UGGUACUUGGAGAGAUAGUAGACCGUAUAGCGUACGCUUUAUCUGUGACGUAUGUAACACGGUCCACUAACCCUCAGUAUCAAAUCCAUCCCCGAG,(((((((..(((.(.((((.((((((...((((((((.........).)))))))...)))))).)))).).))))))))))..............,UGUGACGUAUGUAA,...).)))))))..,OOOCOGCAUGCGOO,2
1036,hsa-mir-888,GGCAGUGCUCUACUCAAAAAGCUGUCAGUCACUUAGAUUACAUGUGACUGACACCUCUUUGGGUGAAGGAAGGCUCA,(((..(.((.((((((((.((.((((((((((...........)))))))))).)).)))))))).)).)..)))..,UACAUGUGACUGAC,.....))))))))),OOOOOCACUGACUG,2
1037,hsa-mir-375,CCCCGCGACGAGCCCCUCGCACAAACCGGACCUGAGCGUUUUGUUCGUUCGGCUCGCGUGAGGC,.((((((.((((((...((.(((((.((........)).))))).))...)))))))))).)).,UGAGCGUUUUGUUC,....)).))))).),OOOOGCOAAACAOG,2
1038,hsa-mir-4640,CUGUGGGCUGGGCCAGGGAGCAGCUGGUGGGUGGGAAGUAAGAUCUGACCUGGACUCCAUCCCACCCACCCCCUGUUUCCUGGCCCACAG,........(((((((((((((((..(((((((((((....((.(((.....)))))...)))))))))))..)))))))))))))))...,UCCCACCCACCCCC,)))))))))))..),AGGGUGGGUGGOOG,2
1039,hsa-mir-1225,GUGGGUACGGCCCAGUGGGGGGGAGAGGGACACGCCCUGGGCUCUGCCCAGGGUGCAGCCGGACUGACUGAGCCCCUGUGCCGCCCCCAG,.(((((...))))).(((((((((.((((...((((((((((...))))))))))..(((((.....))).)))))).).)).)))))).,GACUGACUGAGCCC,(.....))).)))),COOOOOGGCOCGGG,2
1040,hsa-mir-6812,UGAGGAUGGGGUGAGAUGGGGAGGAGCAGCCAGUCCUGUCUCACCGCUCUUCCCCUGACCCCAG,......((((((.(...((((((((((.(..((......))..).))))))))))).)))))).,UGUCUCACCGCUCU,...))..).))))),OOOGAOOGOCGAGG,2
1041,hsa-mir-26b,CCGGGACCCAGUUCAAGUAAUUCAGGAUAGGUUGUGUGCUGUCCAGCCUGUUCUCCAUUACUUGGCUCGGGGACCGG,((((..((((((.((((((((..(((((((((((.(......))))))))))))..))))))))))).)))..)))),UGUCCAGCCUGUUC,...))))))))))),OOOGGUUGGAUAGG,2
1042,hsa-mir-218-2,GACCAGUCGCUGCGGGGCUUUCCUUUGUGCUUGAUCUAACCAUGUGGUGGAACGAUGGAAACGGAACAUGGUUCUGUCAAGCACCGCGGAAAGCACCGUGCUCUCCUGCA,...(((..((.((((.(((((((...(((((((((..((((((((..((............))..))))))))..)))))))))...))))))).))))))....)))..,AACGGAACAUGGUU,..))..)))))))),OOGUOOUGUACCAA,2
1043,hsa-mir-409,UGGUACUCGGGGAGAGGUUACCCGAGCAACUUUGCAUCUGGACGACGAAUGUUGCUCGGUGAACCCCUUUUCGGUAUCA,((((((.(((((((.((((..((((((((((((((........).)))).)))))))))..)))).))))))))))))),GGACGACGAAUGUU,....).)))).))),OOOOCOGUUUOCAA,2
1044,hsa-mir-576,UACAAUCCAACGAGGAUUCUAAUUUCUCCACGUCUUUGGUAAUAAGGUUUGGCAAAGAUGUGGAAAAAUUGGAAUCCUCAUUCGAUUGGUUAUAACCA,..(((((.((.((((((((((((((.((((((((((((.(((......))).)))))))))))).)))))))))))))).)).)))))..........,UUUGGCAAAGAUGU,.))).))))))))),OAAUOGUUUCUGCA,2
1045,hsa-mir-4646,ACUGGGAAGAGGAGCUGAGGGACAUUGCGGAGAGGGUCUCACAUUGUCCCUCUCCCUUCCCAG,.((((((((.(((...((((((((.((..((((...)))).)).))))))))))))))))))),GUCUCACAUUGUCC,.)))).)).))))),OAGAGOGUOACAGG,2
1046,hsa-mir-523,UCUCAUGCUGUGACCCUCUAGAGGGAAGCGCUUUCUGUUGUCUGAAAGAAAAGAACGCGCUUCCCUAUAGAGGGUUACCCUUUGAGA,(((((....(((((((((((.((((((((((.((((....(((...)))..)))).)))))))))).)))))))))))....))))),AAGAAAAGAACGCG,.)))..)))).))),OUCUOOUCUUOCGC,2
1047,hsa-mir-4742,UCAGGCAAAGGGAUAUUUACAGAUACUUUUUAAAAUUUGUUUGAGUUGAGGCAGAUUAAAUAUCUGUAUUCUCCUUUGCCUGCAG,.(((((((((((.....((((((((.(((....(((((((((......))))))))))))))))))))...)))))))))))...,UUAAAUAUCUGUAU,))))))))))))).,AAUUUAUAGACAUO,2
1048,hsa-mir-1296,ACCUACCUAACUGGGUUAGGGCCCUGGCUCCAUCUCCUUUAGGAAAACCUUCUGUGGGGAGUGGGGCUUCGACCCUAACCCAGGUGGGCUGU,.(((((((....(((((((((....(((((((.((((((..((((....))))..)))))))))))))....))))))))))))))))....,CUGUGGGGAGUGGG,))..)))))))))),GGOOUUCCUCACCU,2
1049,hsa-mir-134,CAGGGUGUGUGACUGGUUGACCAGAGGGGCAUGCACUGUGUUCACCCUGUGGGCCACCUAGUCACCAACCCUC,.(((((..((((((((.((.(((.((((((((.....))))...)))).)))..)).))))))))..))))).,UGUUCACCCUGUGG,)))...)))).))),ACGOOOGGGAOACC,2
1050,hsa-mir-532,CGACUUGCUUUCUCUCCUCCAUGCCUUGAGUGUAGGACCGUUGGCAUCUUAAUUACCCUCCCACACCCAAGGCUUGCAGAAGAGCGAGCCU,......((((.((((.((.((.((((((.((((.(((..((.............))..))).)))).)))))).)).)).)))).))))..,UAAUUACCCUCCCA,.....))..))).),OOOOOUGOOAGGOU,2
1051,hsa-mir-218-1,GUGAUAAUGUAGCGAGAUUUUCUGUUGUGCUUGAUCUAACCAUGUGGUUGCGAGGUAUGAGUAAAACAUGGUUCCGUCAAGCACCAUGGAACGUCACGCAGCUUUCUACA,(((..((.((.(((.(((.((((((.(((((((((..((((((((..((((.........)))).))))))))..))))))))).)))))).))).))).))))..))).,GUAAAACAUGGUUC,)))).)))))))).,CGUUOUGUACCAAO,2
1052,hsa-mir-202,CGCCUCAGAGCCGCCCGCCGUUCCUUUUUCCUAUGCAUAUACUUCUUUGAGGAUCUGGCCUAAAGAGGUAUAGGGCAUGGGAAAACGGGGCGGUCGGGUCCUCCCCAGCG,(((....(((..((((((((((((.(((((((((((.(((((((((((.(((......))))))))))))))..))))))))))).))))))).))))).)))....))),GGCCUAAAGAGGUA,..)))))))))))),OOGGAUUUCUUCAU,2
1053,hsa-mir-6504,GCAGUCUGGCUGUGCUGUAAUGCAGUCUGCACCCUGCUGCAUUACAGCACAGCCAUUCUCU,..((..(((((((((((((((((((.(........))))))))))))))))))))..))..,CCUGCUGCAUUACA,...))))))))))),OOOCGACGUAAUGU,2
1054,hsa-mir-6729,GAGGGUGGGCGAGGGCGGCUGAGCGGCUCCAUCCCCCGGCCUGCUCAUCCCCCUCGCCCUCUCAG,..(((.(((((((((.((.(((((((((.........)))).))))).))))))))))).)))..,GGCCUGCUCAUCCC,)))).))))).))),UCGGOCGAGUOGGG,2
1055,hsa-mir-3158-1,AUUCAGGCCGGUCCUGCAGAGAGGAAGCCCUUCUGCUUACAGGUAUUGGAAGGGCUUCCUCUCUGCAGGACCGGCCUGAAU,(((((((((((((((((((((((((((((((((((((....)))...)))))))))))))))))))))))))))))))))),GUAUUGGAAGGGCU,))...))))))))),CGOOOUCUUCCCGA,2
1056,hsa-mir-6758,UGGGCUAGAGAGGGGAAGGAUGUGAUGUGAGCAGAUGGUUCUCACUCAUUCUCCUCUGUCCAG,(((((...(((((((((.((.((((...((((.....)))))))))).)))))))))))))).,GGUUCUCACUCAUU,.)))))))))).)),OCGAGAGUGAGOAA,2
1057,hsa-mir-6499,UCAGUCGGGCGCAAGAGCACUGCAGUUCUGUUGGGUGACAGCAGUGUUUGUUUUGCCCACAG,...((.(((((...(((((((((.(((((....)).))).)))))))))....)))))))..,GGGUGACAGCAGUG,.)).))).)))))),OUCOUUGOCGUCAC,2
1058,hsa-mir-516b-2,UCUCAUGAUGUGACCAUCUGGAGGUAAGAAGCACUUUGUGUUUUGUGAAAGAAAGUGCUUCCUUUCAGAGGGUUACUCUUUGAGA,(((((.((.((((((.((((((((...((((((((((.(..........).)))))))))))))))))).))))))))..))))),AAGAAAGUGCUUCC,.).))))))))))),OUOUUUCACGAAGG,2
1059,hsa-mir-629,UCCCUUUCCCAGGGGAGGGGCUGGGUUUACGUUGGGAGAACUUUUACGGUGAACCAGGAGGUUCUCCCAACGUAAGCCCAGCCCCUCCCCUCUGCCU,..........(((((((((((((((((((((((((((((((((((..((....)).)))))))))))))))))))))))))))))))))))......,CCAGGAGGUUCUCC,)).))))))))))),GGOUUUUCAAGAGG,2
1060,hsa-mir-3944,UCCACCCAGCAGGCGCAGGUCCUGUGCAGCAGGCCAACCGAGAAGCGCCUGCGUCUCCCAUUUUCGGGCUGGCCUGCUGCUCCGGACCUGUGCCUGAUCUUAAUGCUG,.........(((((((((((((.(.(((((((((((.((((((((((....)))......)))))))..))))))))))).).)))))))))))))............,UCCCAUUUUCGGGC,.....)))))))..,OOOOOAAGAGCCOO,2
1061,hsa-mir-4747,AGGGAAGGAGGCUUGGUCUUAGCACGGGGUCUAAGGCCCGGGCUUUCCUCCCAG,.((((.((((((((((((((((.((...)))))))).)))))))))).))))..,GGGGUCUAAGGCCC,...)))))))).)),OOOCAGAUUCUOGG,2
1062,hsa-mir-30c-1,ACCAUGCUGUAGUGUGUGUAAACAUCCUACACUCUCAGCUGUGAGCUCAAGGUGGCUGGGAGAGGGUUGUUUACUCCUUCUGCCAUGGA,.(((((..((((...(.(((((((.(((...(((((((((....(((...)))))))))))).))).))))))).)...))))))))).,AAGGUGGCUGGGAG,..)))))))))))),OOUCGUCGACUCUC,2
1063,hsa-mir-1226,GUGAGGGCAUGCAGGCCUGGAUGGGGCAGCUGGGAUGGUCCAAAAGGGUGGCCUCACCAGCCCUGUGUUCCCUAG,...((((.(((((((.((((.((((((.((((((....))).....))).)))))))))).))))))).))))..,GGUGGCCUCACCAG,))).)))))))))),UCGOCGGGGUGGUC,2
1064,hsa-mir-3613,UGGUUGGGUUUGGAUUGUUGUACUUUUUUUUUUGUUCGUUGCAUUUUUAGGAACAAAAAAAAAAGCCCAACCCUUCACACCACUUCA,(((...(((.((((..((((..(((((((((((((((.(.........).)))))))))))))))..))))..)))).)))...))),UUUAGGAACAAAAA,...).))))))))),OOOUOCUUGUUUUU,2
1065,hsa-mir-1251,GUGGACUCUAGCUGCCAAAGGCGCUUCUCCUUCUGAACAGAGCGCUUUGCUCAGCCAGUGUAGACAUGGC,((..((.((.((((...(((((((((.((.....))...)))))))))...)))).)).))..)).....,AACAGAGCGCUUUG,)...))))))))).,UOOOUUCGCGGAAO,2
1066,hsa-mir-9-3,GGAGGCCCGUUUCUCUCUUUGGUUAUCUAGCUGUAUGAGUGCCACAGAGCCGUCAUAAAGCUAGAUAACCGAAAGUAGAAAUGAUUCUCA,.((((..(((((((((.(((((((((((((((.(((((..((......))..))))).))))))))))))))))).)))))))..)))).,AGCCGUCAUAAAGC,.))..))))).))),OCGOOAGUAUOUCG,2
1067,hsa-mir-548g,AGUUAUUAGAUUAGUGCAAAAGUAAUUGCAGUUUUUGCAUUACGUUCUAUGGCAAAACUGUAAUUACUUUUGUACCAACAUAAUACUUC,...(((((..((.((((((((((((((((((((((..(((........)))..)))))))))))))))))))))).))..)))))....,CUAUGGCAAAACUG,..)))..))))))),OOUACOOUUUUGAC,2
1068,hsa-mir-3622b,AGUGAUAUAAUAGAGGGUGCACAGGCAUGGGAGGUCAGGUGAGCUCAGCUCCCUGCCUCACCUGAGCUCCCGUGCCUGUGCACCCUCUAUUGGCU,.......((((((((((((((((((((((((((.(((((((((..(((....))).))))))))).))))))))))))))))))))))))))...,CCCUGCCUCACCUG,..))).)))))))),OOGACOGAGUGGAC,2
1069,hsa-mir-516a-1,UCUCAGGCUGUGACCUUCUCGAGGAAAGAAGCACUUUCUGUUGUCUGAAAGAAAAGAAAGUGCUUCCUUUCAGAGGGUUACGGUUUGAGA,(((((((((((((((((((.((((...((((((((((((....(((...)))..)))))))))))))))).))))))))))))))))))),AAGAAAGUGCUUCC,.))))))))))))),OUCUUUCACGAAGG,2
1070,hsa-mir-6511b-1,GGGACGGGGCCUGCAGGCAGAAGUGGGGCUGACAGGGCAGAGGGUUGCGCCCCCUCACCACCCCUUCUGCCUGCAGCGGUGGGCU,.......((((((((((((((((.((((.(((..((((..........))))..))).).))))))))))))))......))))),UGCGCCCCCUCACC,...))))..))).),OOOCGGGOOAGUOG,2
1071,hsa-mir-324,CUGACUAUGCCUCCCCGCAUCCCCUAGGGCAUUGGUGUAAAGCUGGAGACCCACUGCCCCAGGUGCUGCUGGGGGUUGUAGUC,..(((((((.(((((.(((.(.(((.(((((.(((.((..........))))).))))).))).).))).))))).))))))),CUGGAGACCCACUG,......))))).)),OOOOOOUGGGUOAC,2
1072,hsa-mir-29c,AUCUCUUACACAGGCUGACCGAUUUCUCCUGGUGUUCAGAGUCUGUUUUUGUCUAGCACCAUUUGAAAUCGGUUAUGAUGUAGGGGGA,..((((((((((...(((((((((((...(((((((.(((...........))))))))))...))))))))))))).))))))))..,UUUUGUCUAGCACC,.....))))))))),OOOOOAGAUUGUGG,2
1073,hsa-mir-1307,CAUCAAGACCCAGCUGAGUCACUGUCACUGCCUACCAAUCUCGACCGGACCUCGACCGGCUCGUCUGUGUUGCCAAUCGACUCGGCGUGGCGUCGGUCGUGGUAGAUAGGCGGUCAUGCAUACGAAUUUUCAGCUCUUGUUCUGGUGAC,(((((.(((..(((((((((..(((.((((((((.(.(((.(((((((.((.((.((((.(((..((......))..))).)))))).))..))))))).))).).))))))))...)))...))...)))))))...))).)))))..,CCAAUCGACUCGGC,.))..))).))))),OGUOOGCUOGGCCG,2
1074,hsa-mir-4700,UCAGUGAGGUCUGGGGAUGAGGACAGUGUGUCCUGAAAUUCACAGGACUGACUCCUCACCCCAGUGCACGAGGA,...(((....((((((.((((((..((..((((((.......))))))..))))))))))))))..))).....,UGAAAUUCACAGGA,((.......))))),ACOOOOOOOGUCCU,2
1075,hsa-mir-3689b,GAUCCUGUGCUCCCUGGGGGGUCUGAUCCUGUGCUUCCUGGGAGGUGUGAUAUCAUGGUUCCUGGGAGGUGUGAUCCCGUGCUUCCUGGGAGGUGUGAUAUUGUGGUUCCUGGGAGGUGUGAUCCCGUGCUCCCUGGGAGGUGUGAUC,((((.....(((((.(((((((..((((...(((((((((((((.((((((((((((.(((((((((((((((....))))))))))))))).)))))))))))).))))))))))))).))))....))))))))))))....)))),GUGCUUCCUGGGAG,.(((((((((((((,OGUGGAGGGUCCUU,2
1076,hsa-mir-4804,UCAGUGUAUUUGGACGGUAAGGUUAAGCAAGGUGCGUCGUAUCUUGCUUAACCUUGCCCUCGAAAUACACUGA,(((((((((((.((.((((((((((((((((((((...)))))))))))))))))))).)).))))))))))),CGUAUCUUGCUUAA,.))))))))))))),OCGUGGAACGAAUU,2
1077,hsa-mir-365a,ACCGCAGGGAAAAUGAGGGACUUUUGGGGGCAGAUGUGUUUCCAUUCCACUAUCAUAAUGCCCCUAAAAAUCCUUAUUGCUCUUGCA,...((((((..((((((((..(((((((((((((((((.........))).)))....))))))))))).))))))))..)))))).,ACUAUCAUAAUGCC,)).)))....)))),UGOUAGOOOOACGG,2
1078,hsa-mir-5189,GGCCCGCCUUUUAGGGGCCUCGCUGUCUGGGCACAGGCGGAUGGACAGGCUGGCCUCUGGAUGACCUGCCAACCGUCAGAGCCCAGACCCACGUGGCCUCAGUUGGGGACCAGG,((.((.((.....((((((.((..((((((((.(.(((((.(((.((((....((...))....))))))).))))).).))))))))...)).))))))....)))).))...,GAUGACCUGCCAAC,)....))))))).),COOOOGGACGGUOG,2
1079,hsa-mir-4713,GUCCCCAUUUUUCUCCCACUACCAGGCUCCCAUAAGGGUCGAAUGGGAUCCAGACAGUGGGAGAAAAAUGGGGAC,((((((((((((((((((((..(.((.((((((.........)))))).)).)..)))))))))))))))))))),GGUCGAAUGGGAUC,......)))))).),OOOOOOUACCCUOG,2
1080,hsa-mir-144,UGGGGCCCUGGCUGGGAUAUCAUCAUAUACUGUAAGUUUGCGAUGAGACACUACAGUAUAGAUGAUGUACUAGUCCGGGCACCCCC,.(((((((.((((((.((((((((.(((((((((.((((......))))..))))))))))))))))).)))))).)))).)))..,GAGACACUACAGUA,.))))..))))))),OUUUGOOAUGUCAU,2
1081,hsa-mir-15a,CCUUGGAGUAAAGUAGCAGCACAUAAUGGUUUGUGGAUUUUGAAAAGGUGCAGGCCAUAUUGUGCUGCCUCAAAAAUACAAGG,(((((.......(..((((((((..((((((((((.............))))))))))..))))))))..).......))))),AAAGGUGCAGGCCA,.....))))))))),OOOOOGUGUUUGGU,2
1082,hsa-mir-499b,GGAAGCAGCACAGACUUGCUGUGAUGUUCACGUGGAGAGGAGUUAAACAUCACUGCAAGUCUUAACAGCCGCC,((..((.....((((((((.((((((((.((.(......).))..)))))))).)))))))).....))..)),GGAGUUAAACAUCA,.).))..))))))),OUOCAOOUUGUAGU,2
1083,hsa-let-7g,AGGCUGAGGUAGUAGUUUGUACAGUUUGAGGGUCUAUGAUACCACCCGGUACAGGAGAUAACUGUACAGGCCACUGCCUUGCCA,.(((.((((((((.((((((((((((.....((((.((.((((....))))))..)))))))))))))))).))))))))))).,GAGAUAACUGUACA,.))))))))))))),OUCUGUUGACAUGU,2
1084,hsa-mir-6731,ACAGGUGGGAGAGCAGGGUAUUGUGGAAGCUCCAGGUGCCAACCACCUGCCUCUAUUCCCCACUCUCCCCAG,....(.(((((((..(((....(((((.((...(((((.....))))))).))))).)))..))))))))..,ACCUGCCUCUAUUC,)))))).))))).),UGGACGOAGGUGOG,2
1085,hsa-mir-3622a,AAUAGAGGGUGCACAGGCACGGGAGCUCAGGUGAGGCAGGGAGCUGAGCUCACCUGACCUCCCAUGCCUGUGCACCCUCUAUU,(((((((((((((((((((.(((((.(((((((((.(((....)))..))))))))).))))).))))))))))))))))))),GCUGAGCUCACCUG,.)))..)))))))),OGACOOGAGUGGAC,2
1086,hsa-mir-133a-1,ACAAUGCUUUGCUAGAGCUGGUAAAAUGGAACCAAAUCGCCUCUUCAAUGGAUUUGGUCCCCUUCAACCAGCUGUAGCUAUGCAUUGA,.((((((...((((.(((((((..((.((.((((((((............)))))))).)).))..))))))).))))...)))))).,CAAUGGAUUUGGUC,.....)))))))).,OOOOOCUAAACCAO,2
1087,hsa-mir-4701,CCUUGGCCACCACACCUACCCCUUGUGAAUGUCGGGCAAUGGGUGAUGGGUGUGGUGUCCACA,...(((.(((((((((((((((((((.........)))).))).).))))))))))).)))..,UCGGGCAAUGGGUG,....)))).))).),OOOOUGUUOCCCOC,2
1088,hsa-mir-148b,CAAGCACGAUUAGCAUUUGAGGUGAAGUUCUGUUAUACACUCAGGCUGUGGCUCUCUGAAAGUCAGUGCAUCACAGAACUUUGUCUCGAAAGCUUUCUA,.......((..(((.((((((((((((((((((.((.((((..((((.............)))))))).)).)))))))))))))))))).))).))..,CUGAAAGUCAGUGC,.....)))))))).,OOOOOUCGGUCACO,2
1089,hsa-mir-106b,CCUGCCGGGGCUAAAGUGCUGACAGUGCAGAUAGUGGUCCUCUCCGUGCUACCGCACUGUGGGUACUUGCUGCUCCAGCAGG,(((((.(((((..(((((((.(((((((.(.((((((......))..))))).))))))).)))))))...))))).))))),CGUGCUACCGCACU,)..))))).))))),GOOUGAUGOCGUGA,2
1090,hsa-mir-502,UGCUCCCCCUCUCUAAUCCUUGCUAUCUGGGUGCUAGUGCUGGCUCAAUGCAAUGCACCUGGGCAAGGAUUCAGAGAGGGGGAGCU,.((((((((((((((((((((((...((((((((...(((.........)))..))))))))))))))))).))))))))))))).,UCAAUGCAAUGCAC,.....)))..)))),OOOOOCGUOOCGUG,2
1091,hsa-mir-515-2,UCUCAUGCAGUCAUUCUCCAAAAGAAAGCACUUUCUGUUGUCUGAAAGCAGAGUGCCUUCUUUUGGAGCGUUACUGUUUGAGA,(((((.(((((.((.(((((((((((.((((..((((((.......)))))))))).))))))))))).)).))))).))))),GAAAGCAGAGUGCC,...)))))))))).,OOOUUGUCUCACGO,2
1092,hsa-mir-548c,CAUUGGCAUCUAUUAGGUUGGUGCAAAAGUAAUUGCGGUUUUUGCCAUUACUUUCAGUAGCAAAAAUCUCAAUUACUUUUGCACCAACUUAAUACUU,..........(((((((((((((((((((((((((.(((((((((...((((...))))))))))))).)))))))))))))))))))))))))...,UCAGUAGCAAAAAU,..)))))))))))),OOUCAUCGUUUUUG,2
1093,hsa-mir-93,CUGGGGGCUCCAAAGUGCUGUUCGUGCAGGUAGUGUGAUUACCCAACCUACUGCUGAGCUAGCACUUCCCGAGCCCCCGG,((((((((((..((((((((((((.((((.(((.((.........)))))))))))))).)))))))...)))))))))),CCAACCUACUGCUG,...))))))))))),OOOUGGAUGACGGC,2
1094,hsa-mir-3194,AGGUGGCAGGGCCAGCCACCAGGAGGGCUGCGUGCCACCCGGGCAGCUCUGCUGCUCACUGGCAGUGUCACCU,((((((((..(((((....(((.((((((((.((.....)).)))))))).)))....)))))..)))))))),CCCGGGCAGCUCUG,..)).)))))))).,OOGUOCGUCGGGAO,2
1095,hsa-mir-487b,UUGGUACUUGGAGAGUGGUUAUCCCUGUCCUGUUCGUUUUGCUCAUGUCGAAUCGUACAGGGUCAUCCACUUUUUCAGUAUCAA,.(((((((.(((((((((....((((((.(.(((((............))))).).))))))....))))))))).))))))).,CAUGUCGAAUCGUA,.....))))).).),OOOOOGCUUGOCOU,2
1096,hsa-mir-30a,GCGACUGUAAACAUCCUCGACUGGAAGCUGUGAAGCCACAGAUGGGCUUUCAGUCGGAUGUUUGCAGCUGC,(((.((((((((((((..((((((((((((((....))).....))))))))))))))))))))))).))),AGAUGGGCUUUCAG,.....))))))))),OOOOOUCGAAGGUC,2
1097,hsa-mir-150,CUCCCCAUGGCCCUGUCUCCCAACCCUUGUACCAGUGCUGGGCUCAGACCCUGGUACAGGCCUGGGGGACAGGGACCUGGGGAC,.((((((.((((((((((((((..(((.(((((((.((((....))).).))))))))))..)))))))))))).)))))))).,UCAGACCCUGGUAC,.))).).))))))),OGUCOGOGACCAUG,2
1098,hsa-mir-6742,GAGGGAGUGGGGUGGGACCCAGCUGUUGGCCAUGGCGACAACACCUGGGUUGUCCCCUCUAG,.....((.((((.(.(((((((.(((((..........))))).))))))).))))).))..,CGACAACACCUGGG,...))))).))))),OOOGUUGUOGACCC,2
1099,hsa-mir-4735,UGCAGUGCCUAAUUUGAACACCUUCGGUAUUCAUCAAAAAUACCAAAGGUGCUCAAAUUAGACAUUGCA,(((((((.(((((((((.((((((.((((((.......)))))).)))))).))))))))).))))))),AAAUACCAAAGGUG,.)))))).)))))),OUUAUGGOUUCCAC,2
1100,hsa-mir-148a,GAGGCAAAGUUCUGAGACACUCCGACUCUGAGUAUGAUAGAAGUCAGUGCACUACAGAACUUUGUCUC,((((((((((((((((.((((..(((((((.......))).))))))))..)).)))))))))))))),AUAGAAGUCAGUGC,.))).)))))))).,OGUCOUCAGUCACO,2
1101,hsa-mir-10397,UCCUUGACCUGAUGCUGUAGGGCUUGGCAACUCUUGUGAAAUUUCAUAGAUCUCGUCGCUUACUGGGA,((((((((..(((.((((.(((.((.((((...)))).)).))).)))))))..))))......)))),GAAAUUUCAUAGAU,.)).))).)))))),OUUOGGGOUGUCUA,2
1102,hsa-mir-99b,GGCACCCACCCGUAGAACCGACCUUGCGGGGCCUUCGCCGCACACAAGCUCGUGUCUGUGGGUCCGUGUC,(((((..(((((((((..(((.((((.(.(((....))).)...)))).)))..)))))))))..))))),CCGCACACAAGCUC,)).)...)))).)),GGOGOOOGUUCOAG,2
1103,hsa-mir-875,UUAGUGGUACUAUACCUCAGUUUUAUCAGGUGUUCUUAAAAUCACCUGGAAACACUGAGGUUGUGUCUCACUGAAC,(((((((.((...((((((((.((.(((((((..........))))))).)).))))))))...)).)))))))..,AAAAUCACCUGGAA,.....))))))).),OOOOOGUGGACUOU,2
1104,hsa-mir-19b-2,ACAUUGCUACUUACAAUUAGUUUUGCAGGUUUGCAUUUCAGCGUAUAUAUGUAUAUGUGGCUGUGCAAAUCCAUGCAAAACUGAUUGUGAUAAUGU,((((((....((((((((((((((((((((((((((....(((((((....)))))))....))))))).)).))))))))))))))))))))))),AUGUGGCUGUGCAA,))))....)))))),UGCGOOOOUACGUU,2
1105,hsa-mir-5699,CUGUACCCCUGCCCCAACAAGGAAGGACAAGAGGUGUGAGCCACACACACGCCUGGCCUCCUGUCUUUCCUUGUUGGAGCAGGGAUGUAG,(((((.((((((.((((((((((((((((.(((((..(.((.........)))..))))).)))))))))))))))).)))))).))))),CCUGGCCUCCUGUC,))..))))).)))),GGOOUGGAGOACAG,2
1106,hsa-mir-767,GCUUUUAUAUUGUAGGUUUUUGCUCAUGCACCAUGGUUGUCUGAGCAUGCAGCAUGCUUGUCUGCUCAUACCCCAUGGUUUCUGAGCAGGAACCUUCAUUGUCUACUGC,((....(((.((.(((((((((((((...(((((((..((.((((((.((((.....)))).)))))).)).)))))))...))))))))))))).)).))).....)),AUGCUUGUCUGCUC,....)))).))))),OOOOGACGOACGAG,2
1107,hsa-mir-9-1,CGGGGUUGGUUGUUAUCUUUGGUUAUCUAGCUGUAUGAGUGGUGUGGAGUCUUCAUAAAGCUAGAUAACCGAAAGUAAAAAUAACCCCA,.(((((((....((((.(((((((((((((((.((((((.(.(....).).)))))).))))))))))))))).))))...))))))).,AGUCUUCAUAAAGC,).).)))))).))),UOGOGAGUAUOUCG,2
1108,hsa-mir-6740,GAAAGAGUUUGGGAUGGAGAGAGGAGAAACUUGAGGUCUCUGGGAGUUGCUUAAACCAGUUGACCGUAACCUGGCCAGAGAAUUCUGAUAGUGUCUUCUCUCCUCCCAAACAG,......((((((((.((((((((((.(.....(((.(((((((..(((((...............)))))....))))))).)))......).))))))))))))))))))..,CUGAUAGUGUCUUC,)......).))))),GOOOOOOAOAGGAG,2
1109,hsa-mir-135b,CACUCUGCUGUGGCCUAUGGCUUUUCAUUCCUAUGUGAUUGCUGUCCCAAACUCAUGUAGGGCUAAAAGCCAUGGGCUACAGUGAGGGGCGAGCUCC,..(((((((((((((((((((((((...(((((((((((((......)))..))))))))))..))))))))))))))))))).)))).........,CAAACUCAUGUAGG,)))..))))))))),GUUOOAGUGUAUCC,2
1110,hsa-mir-6770-2,UAUCCUGAGAAGGCACAGCUUGCACGUGACCUCCUGGGCCUGGCGGCUGUGUCUUCACAG,....(((.((((((((((((.((.((.(.((....)).).)))))))))))))))).))),CCUGGGCCUGGCGG,...)).).)))))),OOOCCOGOGCCGUC,2
1111,hsa-mir-146a,CCGAUGUGUAUCCUCAGCUUUGAGAACUGAAUUCCAUGGGUUGUGUCAGUGUCAGACCUCUGAAAUUCAGUUCUUCAGCUGGGAUAUCUCUGUCAUCGU,.(((((.((((((.(((((..((((((((((((.((.(((((.((.......))))))).)).)))))))))))).)))))))))))......))))).,UGUCAGACCUCUGA,...))))))).)).,OOOGUUUGGGOACO,2
1112,hsa-mir-6867,CCCGGUGUGUGUGUAGAGGAAGAAGGGAAGCUGGGAACCUGACUGCCUCUCCCUCUUUACCCACUAG,...((((.(.(((.(((((.(((.((.(..(.((...)).)..).))))).))))).))))))))..,UGACUGCCUCUCCC,.)..).))))).)),OCOOAOGGAGAOGG,2
1113,hsa-mir-299,AAGAAAUGGUUUACCGUCCCACAUACAUUUUGAAUAUGUAUGUGGGAUGGUAAACCGCUUCUU,(((((.((((((((((((((((((((((.......)))))))))))))))))))))).))))),GAAUAUGUAUGUGG,....)))))))))),OOOOUACAUACACC,2
1114,hsa-mir-524,UCUCAUGCUGUGACCCUACAAAGGGAAGCACUUUCUCUUGUCCAAAGGAAAAGAAGGCGCUUCCCUUUGGAGUGUUACGGUUUGAGA,(((((.((((((((.((.(((((((((((.((((((....(((...)))..)))))).))))))))))).)).)))))))).))))),AGGAAAAGAAGGCG,.)))..)))))).),OCCUOOUCUUUCOC,2
1115,hsa-mir-3663,CCCGGGACCUUGGUCCAGGCGCUGGUCUGCGUGGUGCUCGGGUGGAUAAGUCUGAUCUGAGCACCACACAGGCCGGGCGCCGGGACCAAGGGGGCUC,(((....(((((((((.((((((((((((.((((((((((((((((....))).))))))))))))).)))))).)))))).))))))))))))...,UCUGAUCUGAGCAC,))).)))))))))),AGGOUGGGCUCGUG,2
1116,hsa-mir-4755,AGAUUCAGCUUUCCCUUCAGAGCCUGGCUUUGGCAUCUAUGAAAGCCAGGCUCUGAAGGGAAAGUUGAAUCU,(((((((((((((((((((((((((((((((.(......).))))))))))))))))))))))))))))))),CUAUGAAAGCCAGG,...).))))))))),OOOGOUUUCGGUCC,2
1117,hsa-mir-1229,GUGGGUAGGGUUUGGGGGAGAGCGUGGGCUGGGGUUCAGGGACACCCUCUCACCACUGCCCUCCCACAG,(((((.(((((...((.(((((.(((..(((.....)))...))).))))).))...))))))))))..,GGACACCCUCUCAC,...))).))))).),OOOGUGOGAGAGOG,2
1118,hsa-mir-574,GGGACCUGCGUGGGUGCGGGCGUGUGAGUGUGUGUGUGUGAGUGUGUGUCGCUCCGGGUCCACGCUCAUGCACACACCCACACGCCCACACUCAGG,........(.((((((.(((((((((.(.(((((((((((((((((.(.(.(....)).)))))))))))))))))))))))))))).)))))).),CCGGGUCCACGCUC,...)).)))))))),OOOCCOGGUGUGAG,2
1119,hsa-mir-7162,UGCUUCCUUUCUCAGCUGAACCCCUGCCCCUGGAGCCCCCAGCAGGGCCCUCUGAGGUGGAACAGCAGC,(((((((..((((((..(...((((((...(((.....))))))))).)..)))))).)))..))))..,AGGGCCCUCUGAGG,)))).)..)))))),UCCCOGOOGACUCU,2
1120,hsa-mir-4761,GGACAAGGUGUGCAUGCCUGACCCGUUGUCAGACCUGGAAAAAGGGCCGGCUGUGGGCAGGGAGGGCAUGCGCACUUUGUCC,(((((((((((((((((((..((((((..(((.((.((........)))))))..))).))).))))))))))))))))))),GGGCAGGGAGGGCA,.))).))).))))),OUUGOCCCOUCCGU,2
1121,hsa-let-7a-3,GGGUGAGGUAGUAGGUUGUAUAGUUUGGGGCUCUGCCCUGCUAUGGGAUAACUAUACAAUCUACUGUCUUUCCU,(((.(((((((((((((((((((((((((((...)))))).........))))))))))))))))))))).))),GGGAUAACUAUACA,.....))))))))),OOOOOUUGAUAUGU,2
1122,hsa-mir-3913-2,UGUCUAUAAUAAACUGAAAUAUUUGGGACUGAUCUUGAUGUCUGCCAAGGUUUUGGCAGACAUCAAGAUCAGUCCCAAAUAUUUCAGUUUAUUAUAAACA,(((.((((((((((((((((((((((((((((((((((((((((((((....)))))))))))))))))))))))))))))))))))))))))))).))),UUUUGGCAGACAUC,..)))))))))))),OOAACCGUCUGUAG,2
1123,hsa-mir-520e,UCUCCUGCUGUGACCCUCAAGAUGGAAGCAGUUUCUGUUGUCUGAAAGGAAAGAAAGUGCUUCCUUUUUGAGGGUUACUGUUUGAGA,((((..((.(((((((((((((.(((((((.(((((....(((...)))..))))).))))))).))))))))))))).))..)))),AGGAAAGAAAGUGC,)))..))))).))),UCUOOUCUUUOACG,2
1124,hsa-mir-6859-3,UGUGGGAGAGGAACAUGGGCUCAGGACAGCGGGUGUCAGCUUGCCUGACCCCCAUGUCGCCUCUGUAG,....(.(((((.(((((((.(((((..(((........)))..)))))..)))))))..))))).)..,GCUUGCCUGACCCC,)))..)))))..)),CGAOOGGACUOOGG,2
1125,hsa-mir-1908,CGGGAAUGCCGCGGCGGGGACGGCGAUUGGUCCGUAUGUGUGGUGCCACCGGCCGCCGGCUCCGCCCCGGCCCCCGCCCC,((((...((((.(((((((.(((((.(((((..((((.....)))).))))).))))).))))))).)))).))))....,GGUGCCACCGGCCG,.)))).))))).)),OUAUGOUGGUUOGC,2
1126,hsa-mir-541,ACGUCAGGGAAAGGAUUCUGCUGUCGGUCCCACUCCAAAGUUCACAGAAUGGGUGGUGGGCACAGAAUCUGGACUCUGCUUGUG,(((.(((((...((((((((.((((.(..((((((....((((...))))))))))).))))))))))))...)))))..))).,GAAUGGGUGGUGGG,))))))))))).)),CUUGCUCACCGOCU,2
1127,hsa-mir-3912,AGAGAGGAAUGAACAGUUAAAUUAUAACAUGUCCAUAUUAUGGGUUAGUUGUGGACACAUACUAACGCAUAAUAUGGACAUGUUAUAAUUUAACUGUUCCUUUCU,((((((((....((((((((((((((((((((((((((((((.((((((.(((....))))))))).)))))))))))))))))))))))))))))))))))))),CACAUACUAACGCA,..))))))))).)),OOGUGUGAUUGOGU,2
1128,hsa-mir-3180-3,CAGUGCGACGGGCGGAGCUUCCAGACGCUCCGCCCCACGUCGCAUGCGCCCCGGGAAAGCGUGGGGCGGAGCUUCCGGAGGCCCCGCCCUGCUG,....(((..((((((.((((((.((.((((((((((((((....(.((...)).)...)))))))))))))).)).)))))).)))))))))..,GAAAGCGUGGGGCG,)...)))))))))),UOOOUGCACCCCGC,2
1129,hsa-mir-6851,CAGGGAGGAGGUGGUACUAGGGGCCAGCAACCUGAUUACCCCUCUUUGGCCCUUUGUACCCCUCCAG,......(((((.(((((.(((((((((..................))))))))).))))))))))..,CCCUCUUUGGCCCU,......)))))))),OOOOOOGACCGGGG,2
1130,hsa-mir-11181,GUCUGACCAACCUCCUCCCGCAAACUGUUUUGGCCUCUGAAGGAGGAGGAGGUCAGGCAUGGU,((((((((..((((((((..((....((....))...))..)))))))).)))))))).....,CCUCUGAAGGAGGA,)...))..)))))),GOOOACOOCCUCCU,2
1131,hsa-mir-96,UGGCCGAUUUUGGCACUAGCACAUUUUUGCUUGUGUCUCUCCGCUCUGAGCAAUCAUGUGCAGUGCCAAUAUGGGAAA,...((.((.((((((((.((((((..(((((((((......)))...))))))..)))))))))))))).)).))...,UCUGAGCAAUCAUG,...))))))..))),OOOUUCGUUOOUAC,2
1132,hsa-mir-103a-1,UACUGCCCUCGGCUUCUUUACAGUGCUGCCUUGUUGCAUAUGGAUCAAGCAGCAUUGUACAGGGCUAUGAAGGCAUUG,...((((.((((((.((.(((((((((((.(((.(.(....).).)))))))))))))).))))))..)).))))...,UGGAUCAAGCAGCA,.).).))))))))),OCOUOGUUCGUCGU,2
1133,hsa-mir-10396b,CGGCGGGGCUCGGAGCCGGGCUUCGGCCGGGCCCCGGGCCCUCGACCGGAC,(((((((((((((.(((.(((....))).))).)))))))).)).)))...,UCGGCCGGGCCCCG,...))).))).))),OOOCGGOCCGOGGC,2
1134,hsa-mir-217,AGUAUAAUUAUUACAUAGUUUUUGAUGUCGCAGAUACUGCAUCAGGAACUGAUUGGAUAAGAAUCAGUCACCAUCAGUUCCUAAUGCAUUGCCUUCAGCAUCUAAACAAG,.(((.......)))...((((..(((((.(.((.((.(((((.((((((((((.((((........))).).)))))))))).))))).)).)).).))))).))))...,CAGUCACCAUCAGU,..))).).)))))),OOUAGOGOUAGUCA,2
1135,hsa-mir-199b,CCAGAGGACACCUCCACUCCGUCUACCCAGUGUUUAGACUAUCUGUUCAGGACUCCCAAAUUGUACAGUAGUCUGCACAUUGGUUAGGCUGGGCUGGGUUAGACCCUCGG,((.((((.....(((((((.(((((.(((((((.(((((((.((((.(((..........))).))))))))))).))))))).))))).))).))))......)))))),AAAUUGUACAGUAG,...))).))))))),OOOGACOUGUCAUC,2
1136,hsa-mir-4665,CUCGAGGUGCUGGGGGACGCGUGAGCGCGAGCCGCUUCCUCACGGCUCGGCCGCGGCGCGUAGCCCCCGCCACAUCGGG,(((((.(((.((((((((((((..((((((((((........)))))))..))).))))))..)))))).))).))))),CUCACGGCUCGGCC,....)))))))..),OOOOGCCGAGCOOG,2
1137,hsa-mir-22,GGCUGAGCCGCAGUAGUUCUUCAGUGGCAAGCUUUAUGUCCUGACCCAGCUAAAGCUGCCAGUUGAAGAACUGUUGCCCUCUGCC,(((.(((..((((((((((((((((((((.((((((.((.........))))))))))))).))))))))))))))).))).))),CCAGCUAAAGCUGC,...))))))))))),OOOUGAUUUCGACG,2
1138,hsa-mir-6872,GUGGGUCUCGCAUCAGGAGGCAAGGCCAGGACCCGCUGACCCAUGCCUCCUGCCGCGGUCAG,.......((((..(((((((((.((.(((......)))..)).)))))))))..))))....,CCGCUGACCCAUGC,...)))..)).))),OOOGACOOGGOACG,2
1139,hsa-mir-28,GGUCCUUGCCCUCAAGGAGCUCACAGUCUAUUGAGUUACCUUUCUGACUUUCCCACUAGAUUGUGAGCUCCUGGAGGGCAGGCACU,(((.(((((((((.((((((((((((((((.(((((((......)))))....)).)))))))))))))))).))))))))).))),ACUUUCCCACUAGA,)))....)).)))),UGAOOOOGUOAUCU,2
1140,hsa-mir-340,UUGUACCUGGUGUGAUUAUAAAGCAAUGAGACUGAUUGUCAUAUGUCGUUUGUGGGAUCCGUCUCAGUUACUUUAUAGCCAUACCUGGUAUCUUA,..(((((.((((((.((((((((...((((((.((((.(((((.......))))))))).))))))....)))))))).)))))).)))))....,UGUGGGAUCCGUCU,))))))))).)))),AUACUUUAGOCAGA,2
1141,hsa-mir-510,GUGGUGUCCUACUCAGGAGAGUGGCAAUCACAUGUAAUUAGGUGUGAUUGAAACCUCUAAGAGUGGAGUAACAC,(((...(((.((((.((((.((..(((((((((........)))))))))..))))))..)))))))....))),AGGUGUGAUUGAAA,..)))))))))..),OOUACACUAACOOU,2
1142,hsa-mir-10395,GUGAUGGAGAGCAAUACCCGGGGAUGACUGUGACCACAUUGGGAUGUAUUCGUACUGUCUGAUG,((.(((((..(((...(((((.(.((........))).))))).))).))))))).........,CAUUGGGAUGUAUU,).))))).))).)),GOGGCCCOACGOAG,2
1143,hsa-mir-4749,CCUGCGGGGACAGGCCAGGGCAUCUAGGCUGUGCACAGUGACGCCCCUCCUGCCCCCACAG,.(((.((((.((((...((((.((...((((....)))))).))))..)))).)))).))),ACAGUGACGCCCCU,.)))))).))))..,OGUCGCUOCGGGOO,2
1144,hsa-mir-361,GGAGCUUAUCAGAAUCUCCAGGGGUACUUUAUAAUUUCAAAAAGUCCCCCAGGUGUGAUUCUGAUUUGCUUC,(((((..(((((((((.((.((((.(((((..........))))).)))).))...)))))))))..))))),CAAAAAGUCCCCCA,...))))).)))).,OOOUUUCAOGGGGO,2
1145,hsa-mir-5009,GACCAGAAGUGUUUUGGAUUUUGGACUUUUUCAGAUUUGGGGAUAUUUGCAUUAUACUUAUCCUAAAUCUGAAAGUCCAAAACCUGAAAUGACCAAUAAG,........(((((((((.((((((((((..(((((((((((.(((.............)))))))))))))))))))))))).))))))).)).......,AUACUUAUCCUAAA,.....))))))))),OOOOOAUAGGGUUU,2
1146,hsa-mir-196a-1,GUGAAUUAGGUAGUUUCAUGUUGUUGGGCCUGGGUUUCUGAACACAACAACAUUAAACCACCCGAUUCAC,(((((((.(((.((((.((((((((((..(.........)..).))))))))).)))).))).))))))),CUGAACACAACAAC,..)..).))))))),OOCOOGOGUUGUUG,2
1147,hsa-mir-4789,CAUGCUACGUAUGUAUACACCUGAUAUGUGUAUGUGUAAAUACAUAUCCACACACAUAGCAGGUGUAUAUAUAGGUAGCCUG,((.(((((.((((((((((((((.(((((((((((((....))))))....))))))).)))))))))))))).))))).)),AUAUCCACACACAU,))))....)))))),UGUAOOOOUGUGUA,2
1148,hsa-mir-200a,CCGGGCCCCUGUGAGCAUCUUACCGGACAGUGCUGGAUUUCCCAGCUUGACUCUAACACUGUCUGGUAACGAUGUUCAAAGGUGACCCGC,.(((((.(((.(((((((((((((((((((((((((.....)))))...........)))))))))))).)))))))).))).).)))).,UUGACUCUAACACU,...........))),OOOOOOOOOOOUGA,2
1149,hsa-mir-4783,GGGAAAGCGGAGGGCGCGCCCAGCUCCCGGGCUGAUUGCGCUAACAGUGGCCCCGGUGUUGGGGCGCGUCUGCCGCUGCCCC,(((..(((((.(((((((((((((.((.(((((.((((......))))))))).)).))).)))))))))).)))))..))),ACAGUGGCCCCGGU,.))))))))).)).,OGUUAUCGGGOCCO,2
1150,hsa-mir-4633,UGGCAAGUCUCCGCAUAUGCCUGGCUAGCUCCUCCACAAAUGCGUGUGGAGGAGCUAGCCAGGCAUAUGCAGAGCGUCA,((((..(.(((.((((((((((((((((((((((((((......)))))))))))))))))))))))))).)))))))),CGUGUGGAGGAGCU,..)))))))))))),OOACACCUCCUCGA,2
1151,hsa-mir-3152,GUGCAGAGUUAUUGCCUCUGUUCUAACACAAGACUAGGCUUCCCUGUGUUAGAAUAGGGGCAAUAACUCUGCAC,((((((((((((((((((((((((((((((.(..........).)))))))))))))))))))))))))))))),GCUUCCCUGUGUUA,.....).))))))),OOOOOGOACACAAU,2
1152,hsa-mir-3180-2,GCGACGGGCGGAGCUUCCAGACGCUCCGCCCCACGUCGCAUGCGCCCCGGGAAAGCGUGGGGCGGAGCUUCCGGAGGCCCCGCCCUGC,(((..((((((.((((((.((.((((((((((((((....(.((...)).)...)))))))))))))).)).)))))).))))))))),GAAAGCGUGGGGCG,)...)))))))))),UOOOUGCACCCCGC,2
1153,hsa-mir-6856,UGGAAAAGAGAGGAGCAGUGGUGCUGUGGCAGUGGCAGAGGUCGCUACAGCCCUGUGAUCUUUCCAG,((((...((((...(((..((.((((((((...(((....))))))))))))))))..)))))))).,AGGUCGCUACAGCC,..)))))))))))),OOCGGCGGUGUCGG,2
1154,hsa-mir-6833,AAACGGUGUGGAAGAUGGGAGGAGAAAAAUCCCUGUUAACUUUCUCUCUCCACUUCCUCAG,......((.(((((.((((.(((((((.............))))))).))))))))).)).,UGUUAACUUUCUCU,.......))))))),OOOOOOOAAAGAGG,2
1155,hsa-mir-6510,AGCAGCAGGGGAGAGAGAGGAGUCCUCUAGACACCGACUCUGUCUCCUGCAGAU,....((((((((.((((.((.(((.....))).))..)))).))))))))....,CUCUAGACACCGAC,.....))).))..),OOOOOCUGOGGOOG,2
1156,hsa-mir-598,GCUUGAUGAUGCUGCUGAUGCUGGCGGUGAUCCCGAUGGUGUGAGCUGGAAAUGGGGUGCUACGUCAUCGUUGUCAUCGUCAUCAUCAUCAUCCGAG,.((((((((......(((((.((((((((((..((((((((((.(((........)))..))))))))))..)))))))))).))))))))).)))),GGGGUGCUACGUCA,..)))..))))))),OOUCGOOGUGUGGU,2
1157,hsa-mir-19b-1,CACUGUUCUAUGGUUAGUUUUGCAGGUUUGCAUCCAGCUGUGUGAUAUUCUGCUGUGCAAAUCCAUGCAAAACUGACUGUGGUAGUG,(((((..(((((((((((((((((((((((((..((((.............)))))))))).)).)))))))))))))))))))))),AUUCUGCUGUGCAA,.....))))))))),OOOOOCGACACGUU,2
1158,hsa-mir-6760,CAGUGCAGGGAGAAGGUGGAAGUGCAGAGUGGGCUCACCUCUCGCCCACACUGUCCCCUUCUCCCCAG,.......(((((((((.((....((((.((((((.........)))))).)))))))))))))))...,CUCGCCCACACUGU,...)))))).)))),OOOCGGGUGOGACG,2
1159,hsa-mir-1252,AGAAAGAAGGAAAUUGAAUUCAUUUAGAAAAGAGAAUUCCAAAUGAGCUUAAUUUCCUUUUUUCU,(((((((((((((((((.(((((((.(((.......))).))))))).))))))))))))))))),AGAAUUCCAAAUGA,....))).)))))),OOOOAAGOUUUACU,2
1160,hsa-mir-10400,CGGCGGCGGCGGCUCUGGGCGAGGCGGCGGGGCCUGGGCUCCCGGACGAGGCGGG,.(((..((.((.(((.....))).)).))..)))......((((.......)))),GCGGGGCCUGGGCU,.))..)))......,OGCOOCGGOOOOOO,2
1161,hsa-mir-6800,ACCUGUAGGUGACAGUCAGGGGCGGGGUGUGGUGGGGCUGGGGCUGGCCCCCUCCUCACACCUCUCCUGGCAUCGCCCCCAG,..(((..(((((..((((((((..((((((((.((((..((((....)))))))))))))))))))))))).)))))..))),CUCCUCACACCUCU,)))))))))))))),GGGGGGUGUGGGGG,2
1162,hsa-mir-6807,GUGAGCCAGUGGAAUGGAGAGGCUGUGGGCAGGGGGAGAUGUGAAGGAAAGAACUAGGACCCAUUCAUCCACUGCAUUCCUGCUUGGCCCAG,.((.((((((((((((.((.((..((((((..((...................))..).)))))....)).)).)))))).)).)))).)).,AUUCAUCCACUGCA,))....)).)).)),UGOOOOGGOGAOGU,2
1163,hsa-mir-4474,UUGCCUACCUUGUUAGUCUCAUGAUCAGACACAAAUAUGGCUCUUUGUGGCUGGUCAUGAGGCUAACAAGGUAGGCAC,.(((((((((((((((((((((((((((.((((((........)))))).))))))))))))))))))))))))))).,UGGCUCUUUGUGGC,......)))))).),OOOOOOAAACACOG,2
1164,hsa-mir-3064,GGUCUGGCUGUUGUGGUGUGCAAAACUCCGUACAUUGCUAUUUUGCCACACUGCAACACCUUACAG,.((..((.(((((((((((((((((...((.....))...))))).))))))))))))))..))..,UGCUAUUUUGCCAC,))...))))).))),GCOOOAAAACOGUG,2
1165,hsa-mir-580,AUAAAAUUUCCAAUUGGAACCUAAUGAUUCAUCAGACUCAGAUAUUUAAGUUAACAGUAUUUGAGAAUGAUGAAUCAUUAGGUUCCGGUCAGAAAUU,....((((((..((((((((((((((((((((((..((((((((((.........))))))))))..))))))))))))))))))))))..)))))),ACAGUAUUUGAGAA,..))))))))))..,OOUUAUAGACUCOO,2
1166,hsa-mir-6845,AACUGCGGGGCCAGAGCAGAGAGCCCUUGCACACCACCAGCCUCUCCUCCCUGUGCCCCAG,......((((((((.(..(((((...(((........))).)))))..).))).)))))..,CCACCAGCCUCUCC,....))).))))).,OOOOGUUOGAGAGO,2
1167,hsa-mir-4650-1,UUCUGUAGAGAUUAUCAGGCCUCUUUCUACCUUCCAAGGCUCAGAAGGUAGAAUGAGGCCUGACAUAUCUGCAGGA,(((((((((.....(((((((((.((((((((((.........)))))))))).)))))))))....))))))))),GCUCAGAAGGUAGA,.....))))))))),OOOOOCUUCCAUCU,2
1168,hsa-mir-99a,CCCAUUGGCAUAAACCCGUAGAUCCGAUCUUGUGGUGAAGUGGACCGCACAAGCUCGCUUCUAUGGGUCUGUGUCAGUGUG,..((((((((((.(((((((((..(((.((((((.((........)))))))).)))..))))))))).))))))))))..,GACCGCACAAGCUC,...)))))))).)),OOOGUGUGUUCOAG,2
1169,hsa-mir-6869,GUGAGUAGUGGCGCGCGGCGGCUCGGAGUACCUCUGCCGCCGCGCGCAUCGGCUCAGCAUGC,.(((((....((((((((((((..((((...))))))))))))))))....)))))......,CCUCUGCCGCCGCG,.))))))))))))),OGAGGCGGCGGCGC,2
1170,hsa-mir-5010,GAUCCAGGGAACCCUAGAGCAGGGGGAUGGCAGAGCAAAAUUCAUGGCCUACAGCUGCCUCUUGCCAAACUGCACUGGAUUUUGUGUCUCCCAUUCCCCAGAGCUGUCUGAGGUGCUUUG,....(((((.(((.((((((.(((((((((.(((((((((((((..((.....((........))......))..)))))))))).))).)))))))))...))..)))).))).))))),CACUGGAUUUUGUG,)..)))))))))).,GOOACUUAAAACGO,2
1171,hsa-mir-6806,UGCUCUGUAGGCAUGAGGCAGGGCCCAGGUUCCAUGUGAUGCUGAAGCUCUGACAUUCCUGCAG,....(((((((.(((...((((((.(((..((.....))..)))..)))))).))).))))))),GUGAUGCUGAAGCU,..))..)))..))),OOCUOOGACOOCGG,2
1172,hsa-mir-6859-2,UGUGGGAGAGGAACAUGGGCUCAGGACAGCGGGUGUCAGCUUGCCUGACCCCCAUGUCGCCUCUGUAG,....(.(((((.(((((((.(((((..(((........)))..)))))..)))))))..))))).)..,GCUUGCCUGACCCC,)))..)))))..)),CGAOOGGACUOOGG,2
1173,hsa-mir-6764,CUGACUCCCAGGGUCUGGUCAGAGUUGCUGAGUGGGUUGAUCUCUGGUCUUUCCUUGACAG,........(((((...((((((((..(((.....)))....))))))))...)))))....,GGGUUGAUCUCUGG,.)))....)))))),OUCGOOOOGAGACU,2
1174,hsa-mir-1277,ACCUCCCAAAUAUAUAUAUAUAUGUACGUAUGUGUAUAUAAAUGUAUACGUAGAUAUAUAUGUAUUUUUGGUGGGUUU,((((.(((((.((((((((((((.(((((((((((......))))))))))).)))))))))))).))))).))))..,AAAUGUAUACGUAG,..))))))))))).,OOUGUGUAUGCAUO,2
1175,hsa-mir-10392,GCGCUUCGACGGGCUGGGCUGUGCGCCUGCGCAGUGUGGGUCGCUCCCGAUUCCCUGCCCCGGCCGGCCCCGCCUCGGCUCCGCACC,(((..((((..(((.((((((...(((.(.((((.(.((((((....))))))))))).).))))))))).)))))))...)))...,GCCCCGGCCGGCCC,)).).))))))))),CGOGOCCGGUCGGG,2
1176,hsa-mir-548o-2,UGGUGCAAAAGUAAUUGCGGUUUUUGCCAUUAAAAGUAAUGCGGCCAAAACUGCAGUUACUUUUGCACCC,.(((((((((((((((((((((((.(((((((....))))..))).))))))))))))))))))))))).,AAUGCGGCCAAAAC,)))..))).))))),UUAOOCCGOUUUUG,2
1177,hsa-mir-5590,UUGCCAUACAUAGACUUUAUUGUGUUGAUCAACAAUAAAGUUCAUGUAUGGCAA,.((((((((((.(((((((((((........))))))))))).)))))))))).,GAUCAACAAUAAAG,.....))))))))),OOOOOUGUUAUUUC,2
1178,hsa-mir-493,CUGGCCUCCAGGGCUUUGUACAUGGUAGGCUUUCAUUCAUUCGUUUGCACAUUCGGUGAAGGUCUACUGUGUGCCAGGCCCUGUGCCAG,(((((...((((((((.((((((((((((((((((((.................)))))))))))))))))))).)))))))).))))),CAUUCGGUGAAGGU,.....))))))))),OOOOOUUACUUUCG,2
1179,hsa-mir-675,CCCAGGGUCUGGUGCGGAGAGGGCCCACAGUGGACUUGGUGACGCUGUAUGCCCUCACCGCUCAGCCCCUGGG,(((((((.((((.((((.((((((..((((((..........))))))..)))))).)))))))).))))))),GGUGACGCUGUAUG,.....))))))..),OOOOOGUGACAOOC,2
1180,hsa-mir-1185-2,UUUGGUACUUAAAGAGAGGAUACCCUUUGUAUGUUCACUUGAUUAAUGGCGAAUAUACAGGGGGAGACUCUCAUUUGCGUAUCAAA,.(((((((.(((((((((..(.((((((((((((((.((........)).)))))))))))))))..))))).)))).))))))).,AUGGCGAAUAUACA,..)).))))))))),OOUCOCUUGUAUGU,2
1181,hsa-mir-450b,GCAGAAUUAUUUUUGCAAUAUGUUCCUGAAUAUGUAAUAUAAGUGUAUUGGGAUCAUUUUGCAUCCAUAGUUUUGUAU,((((((((((...(((((.(((.((((((((((.........)))).)))))).))).)))))...))))))))))..,AAGUGUAUUGGGAU,..)))).)))))).,OOUAUAOAGUCCUO,2
1182,hsa-mir-3184,AAGCAAGACUGAGGGGCCUCAGACCGAGCUUUUGGAAAAUAGAAAAGUCUCGCUCUCUGCCCCUCAGCCUAACUU,(((..((.(((((((((...(((.(((((((((.........))))).)))).)))..))))))))).))..))),AAAUAGAAAAGUCU,......))))).)),OOOOOOUUUUCOGA,2
1183,hsa-mir-6808,GGGGCCAGGCAGGGAGGUGGGACCAUGGGGGCCUUGCUGUGUGACCACCGUUCCUGCAG,........((((((((((((...(((((........)))))...))))).)))))))..,CCUUGCUGUGUGAC,.....)))))...),OOOOOGGUACOOOG,2
1184,hsa-mir-6787,UCGGCUGGCGGGGGUAGAGCUGGCUGCAGGCCCGGCCCCUCUCAGCUGCUGCCCUCUCCAG,....((((.((((((((((((((.....(((...)))....)))))).)))))))).)))),CGGCCCCUCUCAGC,..)))....))))),OOCGGOOOOGGUCG,2
1185,hsa-mir-525,CUCAAGCUGUGACUCUCCAGAGGGAUGCACUUUCUCUUAUGUGAAAAAAAAGAAGGCGCUUCCCUUUAGAGCGUUACGGUUUGGG,(((((((((((((.(((.(((((((.((.((((((...............)))))).)).))))))).))).))))))))))))),AAAAAAAGAAGGCG,......)))))).),OOOOOOUCUUUCOC,2
1186,hsa-mir-27a,CUGAGGAGCAGGGCUUAGCUGCUUGUGAGCAGGGUCCACACCAAGUCGUGUUCACAGUGGCUAAGUUCCGCCCCCCAG,(((.((.((.(((((((((((((.(((((((.((.(........))).)))))))))))))))))))).)).)).))),AGUCGUGUUCACAG,.))).))))))))),OCGGOACGAGUGUC,2
1187,hsa-mir-432,UGACUCCUCCAGGUCUUGGAGUAGGUCAUUGGGUGGAUCCUCUAUUUCCUUACGUGGGCCACUGGAUGGCUCCUCCAUGUCUUGGAGUAGAUCA,(((((.(((((((.(.(((((..(((((((.(((((.(((.(((......)).).)))))))).))))))).))))).).))))))).)).))),UGGGCCACUGGAUG,.)))))))).)))),OCCUGGUGGOUUAC,2
1188,hsa-mir-1292,CCUGGGAACGGGUUCCGGCAGACGCUGAGGUUGCGUUGACGCUCGCGCCCCGGCUCCCGUUCCAGG,(((((.((((((..((((..(.(((.((((((.....))).))))))).))))..))))))))))),UUGACGCUCGCGCC,..))).))))))).,OOUUGOGAGCGCGO,2
1189,hsa-mir-656,CUGAAAUAGGUUGCCUGUGAGGUGUUCACUUUCUAUAUGAUGAAUAUUAUACAGUCAACCUCUUUCCGAUAUCGAAUC,..((((.((((((.(((((.((((((((...((.....)))))))))).))))).)))))).))))............,UAUGAUGAAUAUUA,...)))))))))).,OOOCUACUUGUGGO,2
1190,hsa-mir-6738,GAAGGCGAGGGGUAGAAGAGCACAGGGGUUCUGAUAAACCCUUCUGCCUGCAUUCUACUCCCAG,........(((((((((..(((.(((((((......))))))).))).....)))))))))...,AUAAACCCUUCUGC,...))))))).))),OOOUUGGGGAOACG,2
1191,hsa-mir-548x,AGGUUAGUGCAAAAGUAAUUGCAGUUUUUGCGUUACUUUCAAUCGUAAAAACUGCAAUUACUUUCACACCAAUCU,(((((.(((..(((((((((((((((((((((...........)))))))))))))))))))))..))).))))),UCAAUCGUAAAAAC,.....))))))))),OOOOOGCGUUUUUG,2
1192,hsa-mir-6804,GGAUGUGAGGGUGUCAGCAGGUGACGGUGGGGGCCACGCUGACAGCCGCACCUGCCUCUCACCCACAG,((..(((((((.....(((((((.((((...(((...)))....))))))))))))))))))))....,UGACAGCCGCACCU,)....))))))))),GOOOOUGGCGUGGA,2
1193,hsa-mir-3614,GGUUCUGUCUUGGGCCACUUGGAUCUGAAGGCUGCCCCUUUGCUCUCUGGGGUAGCCUUCAGAUCUUGGUGUUUUGAAUUCUUACU,(((((......)))))(((.((((((((((((((((((..........)))))))))))))))))).)))................,UCUGGGGUAGCCUU,...))))))))))),OOOCCCCGUCGGAA,2
1194,hsa-mir-6782,UGGGGUAGGGGUGGGGGAAUUCAGGGGUGUCGAACUCAUGGCUGCCACCUUUGUGUCCCCAUCCUGCAG,....((((((.((((((....((((((((.((..(....)..)).))))))))..))))))))))))..,UGGCUGCCACCUUU,.)..)).))))))),OCOOGCOGUGGGGA,2
1195,hsa-mir-449b,UGACCUGAAUCAGGUAGGCAGUGUAUUGUUAGCUGGCUGCUUGGGUCAAGUCAGCAGCCACAACUACCCUGCCACUUGCUUCUGGAUAAAUUCUUCU,...((.(((.(((((.(((((.(((..(((.(.((((((((.((......))))))))))))))))).)))))))))).))).))............,AAGUCAGCAGCCAC,...))))))))))),OOOGGUCGUCGGUG,2
1196,hsa-mir-4433a,CAUCCUCCUUACGUCCCACCCCCCACUCCUGUUUCUGGUGAAAUAUUCAAACAGGAGUGGGGGUGGGACAUAAGGAGGAUA,.((((((((((.(((((((((((.(((((((((..(((........))))))))))))))))))))))).)))))))))).,UAUUCAAACAGGAG,...))))))))))),OOOGGUUUGUCCUC,2
1197,hsa-mir-4786,GGGCAUGGCCUGAGACCAGGACUGGAUGCACCACUCUCCCUGUGAUGAGGUGAAGCCAGCUCUGGUCUGGGCCAUUUCAC,(((.(((((((.((((((((.((((...((((.(((.......)).).))))...)))).))))))))))))))))))..,GAUGAGGUGAAGCC,)).).))))...)),CUOCOCCACOOOGG,2
1198,hsa-mir-34a,GGCCAGCUGUGAGUGUUUCUUUGGCAGUGUCUUAGCUGGUUGUUGUGAGCAAUAGUAAGGAAGCAAUCAGCAAGUAUACUGCCCUAGAAGUGCUGCACGUUGUGGGGCCC,((((.(((((((((((((((..(((((((((((.((((((((((....((....)).....))))))))))))).))))))))..))))))))).))))..))..)))).,AAGGAAGCAAUCAG,.....))))))))),OOOOOUUGUUGGUC,2
1199,hsa-mir-2355,CAGACGUGUCAUCCCCAGAUACAAUGGACAAUAUGCUAUUAUAAUCGUAUGGCAUUGUCCUUGCUGUUUGGAGAUAAUACUGCUGAC,(((..((((.(((.((((((((((.(((((..(((((((.........))))))))))))))).))))))).))).))))..)))..,GUAUGGCAUUGUCC,..)))))))))))),OOUAUCGUAACAGG,2
1200,hsa-mir-6842,AGCCCUGGGGGUGGUCUCUAGCCAAGGCUCUGGGGUCUCACCCUUGGCUGGUCUCUGCUCCGCAG,....((((((((((...((((((((((...(((....))).))))))))))...))))))).))),CUCACCCUUGGCUG,.))).))))))))),OGGUOGGAACCGAU,2
1201,hsa-mir-4777,UAGAAUAUUUCGGCAUUCUAGAUGAGAGAUAUAUAUAUACCUCAUAUGUAUAUGGUAUACCUCAUCUAGAAUGCUGUAAUAUUCUA,(((((((((.((((((((((((((((..((((.(((((((.......)))))))))))..)))))))))))))))).))))))))),AUAUGGUAUACCUC,)))))))))..))),UAUAUUAUAOOGAG,2
1202,hsa-mir-4778,UCACAUGUCCAAUUCUGUAAAGGAAGAAGAGGUAAGAAGAAGUGAAGCCCUCUUCUUCCUUUGCAGAGUUGAAUAUGUGG,.(((((((.(((((((((((((((((((((((................))))))))))))))))))))))).))))))).,GAAGCCCUCUUCUU,.....))))))))),OOOOOGGAGAAGAA,2
1203,hsa-mir-301a,ACUGCUAACGAAUGCUCUGACUUUAUUGCACUACUGUACUUUACAGCUAGCAGUGCAAUAGUAUUGUCAAAGCAUCUGAAAGCAGG,.(((((..((.(((((.((((.((((((((((.((((........)).)).))))))))))....)))).))))).))..))))).,CAGCUAGCAGUGCA,..)).)).)))))),OOUGOUCOUCACGU,2
1204,hsa-mir-6868,CCAGGACUGGCAGAACACUGAAGCAGCAGGCACCUGCUUCCUUCUGUUGUCUGUGCAG,......((((((((..((.((((.(((((....)))))..)))).))..))))).))),CACCUGCUUCCUUC,...)))))..)))),OOOGACGAOOGAAG,2
1205,hsa-mir-582,AUCUGUGCUCUUUGAUUACAGUUGUUCAACCAGUUACUAAUCUAACUAAUUGUAACUGGUUGAACAACUGAACCCAAAGGGUGCAAAGUAGAAACAUU,...(((((((((((....(((((((((((((((((((..............)))))))))))))))))))....))))))))))).............,CUAAUUGUAACUGG,......)))))))),OOOOOOCAUUGACC,2
1206,hsa-mir-7160,UGCUGAGGUCCGGGCUGUGCCCCGUACCGGACAGGGCCCUGGCUUUAGCAGA,((((((((((.(((((.((.((......)).)).))))).))))))))))..,UACCGGACAGGGCC,....)).)).)))),OOOOCCOGUOUCGG,2
1207,hsa-mir-203a,GUGUUGGGGACUCGCGCGCUGGGUCCAGUGGUUCUUAACAGUUCAACAGUUCUGUAGCGCAAUUGUGAAAUGUUUAGGACCACUAGACCCGGCGGGCGCGGCGACAGCGA,.(((((..(.(.(((.(((((((((.(((((((((.((((.((((.((((((......).))))))))).)))).))))))))).))))))))).))).).)..))))).,CGCAAUUGUGAAAU,.).))))))))).),OCOUUGACACUUOA,2
1208,hsa-mir-6778,GUUCAAGUGGGAGGACAGGAGGCAGGUGUGGUUGGAGGAAGCAGCCUGAACCUGCCUCCCUGACAUUCCACAG,......((((((...((((((((((((..(((((.......)))))...)))))))).))))...))))))..,CUGAACCUGCCUCC,)...)))))))).),GOOOUGGACGGAOG,2
1209,hsa-mir-376a-2,GGUAUUUAAAAGGUAGAUUUUCCUUCUAUGGUUACGUGUUUGAUGGUUAAUCAUAGAGGAAAAUCCACGUUUUCAGUAUC,((((((.((((.((.(((((((((.((((((((((((.....)))..)))))))))))))))))).)).)))).)))))),AUGGUUAAUCAUAG,)))..))))))))),UGCOOAUUGGUAUC,2
1210,hsa-mir-195,AGCUUCCCUGGCUCUAGCAGCACAGAAAUAUUGGCACAGGGAAGCGAGUCUGCCAAUAUUGGCUGUGCUGCUCCAGGCAGGGUGGUG,.(((.(((((.((..((((((((((.((((((((((..((........))))))))))))..))))))))))..)).))))).))).,GAGUCUGCCAAUAU,...))))))))))),OOOGGACGGUUAUA,2
1211,hsa-mir-4740,GCCAAGGACUGAUCCUCUCGGGCAGGGAGUCAGAGGGGACCGCCCGAGAGGAUCCGUCCCUGC,..((.((((.(((((((((((((.((...((....))..))))))))))))))).)))).)).,GGGGACCGCCCGAG,.))..))))))))),OCUOOGGCGGGCUC,2
1212,hsa-mir-374a,UACAUCGGCCAUUAUAAUACAACCUGAUAAGUGUUAUAGCACUUAUCAGAUUGUAUUGUAAUUGUCUGUGUA,(((((.(((.((((((((((((.(((((((((((....))))))))))).)))))))))))).))).))))),UAUAGCACUUAUCA,....)))))))))),OOOOUGUGAAUAGU,2
1213,hsa-mir-6818,CUAUUUUGUGUGAGUACAGAGAGCAUCUGAAUGGGUACAGUUGUUGUCUCUUGUUCCUCACACAG,......((((((((.((((((((((.(((........))).)))..)))).)))..)))))))).,ACAGUUGUUGUCUC,.))).)))..)))),OGUCOACGOOAGAG,2
1214,hsa-mir-6799,GAGGAGGGGAGGUGUGCAGGGCUGGGGUCACUGACUCUGCUUCCCCUGCCCUGCAUGGUGUCCCCACAG,.....((((((.((((((((((.((((...............)))).)))))))))).).)))))....,CUUCCCCUGCCCUG,...)))).)))))),OOOGGGGOCGGGAC,2
1215,hsa-mir-25,GGCCAGUGUUGAGAGGCGGAGACUUGGGCAAUUGCUGGACGCUGCCCUGGGCAUUGCACUUGUCUCGGUCUGACAGUGCCGGCC,((((.((((((..((((.(((((..(.(((((..((((........))))..))))).)..))))).))))..)))))).)))),CCCUGGGCAUUGCA,..))))..))))).,OOGGUCOOUAACGO,2
1216,hsa-mir-105-2,UGUGCAUCGUGGUCAAAUGCUCAGACUCCUGUGGUGGCUGCUUAUGCACCACGGAUGUUUGAGCAUGUGCUAUGGUGUCUA,...(((((((((.((.((((((((((..((((((((..........))))))))..)))))))))).)))))))))))...,AUGCACCACGGAUG,...))))))))..),OOOGUGGUGUCOOC,2
1217,hsa-mir-4436b-1,GUGUCCUCACUUGUCCACUUCUGCCUGCCCUGCCCAAAUGGUGGAGCAGAUUCGAGGGGCAGGGCAGGAAGAAGUGGACAAGUGAGGCCAU,(((.((((((((((((((((((.((((((((((((......((((.....))))..)))))))))))).)))))))))))))))))).))),CGAGGGGCAGGGCA,))..)))))))))),GUOOCCCGUCCCGU,2
1218,hsa-mir-6792,GUAAGCAGGGGCUCUGGGUGAUGUGAGGAGCAACAGGCACCCUCCUCCACAGCCCCUGCUCAUUCCU,...((((((((((.((((....(.((((.((.....))..))))))))).)))))))))).......,AGGCACCCUCCUCC,..))..)))))))),OOCGOOGGAGGGGG,2
1219,hsa-mir-10396a,GGCGGGGCUCGGAGCCGGGCUUCGGCCGGGCCCCGGGCCCUCGACCGGG,((((((((((((.(((.(((....))).))).)))))))).)).))...,UCGGCCGGGCCCCG,...))).))).))),OOOCGGOCCGOGGC,2
1220,hsa-mir-6883,CAGACAGGGAGGGUGUGGUAUGGAUGUGUUGACCCCUGAAGUGGUUCUGAUGACCUUUCCCUAUCUCACUCUCCUCAG,......(((((((((.((((.(((...(((((((........)))).....)))...))).)))).)))))))))...,AUGACCUUUCCCUA,..)))...))).)),OOUUGOOOAGGOAU,2
1221,hsa-mir-6837,GUGGGACCAGGGCCAGCAGGGAAUGUCAGGGCCACCCCUGACCUUCACUGUGACUCUGCUGCAG,((((...(((((...((((.(((.(((((((....))))))).))).))))..)))))))))..,CCCCUGACCUUCAC,.))))))).))).),OGGGACUGOAAGOG,2
1222,hsa-mir-561,CUUCAUCCACCAGUCCUCCAGGAACAUCAAGGAUCUUAAACUUUGCCAGAGCUACAAAGGCAAAGUUUAAGAUCCUUGAAGUUCCUGGGGGAACCAU,.............((((((((((((.(((((((((((((((((((((...........))))))))))))))))))))).)))))))))))).....,ACAAAGGCAAAGUU,.....))))))))),OOOOOCCGUUUCAA,2
1223,hsa-mir-4753,AUAUCUACACAAGGCCAAAGGAAGAGAACAGAUAUAUCCACAGUACACUUGGCUGUUCUCUUUCUUUAGCCUUGUGUAGAUAU,(((((((((((((((.(((((((((((((((......(((.((....)))))))))))))))))))).))))))))))))))),UUGGCUGUUCUCUU,)))))))))))))),AACCGACAAGAGAA,2
1224,hsa-mir-615,CUCGGGAGGGGCGGGAGGGGGGUCCCCGGUGCUCGGAUCUCGAGGGUGCUUAUUGUUCGGUCCGAGCCUGGGUCUCCCUCUUCCCCCCAACCCCCC,...(((..(((.((((((((((..(((((.((((((((..((((.(.......).)))))))))))))))))...)))))))))))))..)))...,UGUUCGGUCCGAGC,).)))))))))))),GOGAGCUAGGCUCG,2
1225,hsa-mir-3156-1,GCAGAAGAAAGAUCUGGAAGUGGGAGACACUUUUACUAUAUAUAGUGGCUCCCACUUCCAGAUCUUUCUCUCUGU,((((((((((((((((((((((((((.((((............)))).))))))))))))))))))))).))))),AUAGUGGCUCCCAC,..)))).))))))),OOUCACOGAGGGUG,2
1226,hsa-mir-4720,AAGCCUGGCAUAUUUGGUAUAACUUAAGCACCAGGUAAAAUCUGGUGCUUAAGUUGUACCAAGUAUAGCCAAGUUU,((((.(((((((((((((((((((((((((((((((...))))))))))))))))))))))))))).)))).)))),AAUCUGGUGCUUAA,.))))))))))))),OUGGACCACGAAUU,2
1227,hsa-mir-10394,UCUGCAGGUCCUGGUGAACGCCAUCAUCAACAGUGGUCCCCGGGAGGACUCCACACGCAUUGGGCGCGCCGGGACUGUGAGAC,(((...((((((((((..((((..((......((((...((....))...))))......))))))))))))))))...))).,CACGCAUUGGGCGC,)......))))))),GOOOOOOACCCGCG,2
1228,hsa-mir-149,GCCGGCGCCCGAGCUCUGGCUCCGUGUCUUCACUCCCGUGCUUGUCCGAGGAGGGAGGGAGGGACGGGGGCUGUGCUGGGGCAGCUGGA,.(((((((((.(((.(.(.((((((.(((((.(((((.(.(((....))).))))))))))).)))))).).).))).)))).))))).,AGGAGGGAGGGAGG,)).))))))))))),UCOUCCCUCCUUCU,2
1229,hsa-mir-1233-2,GUGAGUGGGAGGCCAGGGCACGGCAGGGGGAGCUGCAGGGCUAUGGGAGGGGCCCCAGCGUCUGAGCCCUGUCCUCCCGCAG,....((((((((.((((((........(((.((((..(((((........))))))))).)))..)))))).))))))))..,CAGCGUCUGAGCCC,)))).)))..)))),GUCGOGGGOOCGGG,2
1230,hsa-mir-499a,GCCCUGUCCCCUGUGCCUUGGGCGGGCGGCUGUUAAGACUUGCAGUGAUGUUUAACUCCUCUCCACGUGAACAUCACAGCAAGUCUGUGCUGCUUCCCGUCCCUACGCUGCCUGGGCAGGGU,(((((((((.....((...(((((((.(((.((..((((((((.((((((((((.............)))))))))).))))))))..)).))).)))).)))...)).....))))))))),CCACGUGAACAUCA,.....))))))))),OOOOOAUUUGUAGU,2
1231,hsa-mir-23a,GGCCGGCUGGGGUUCCUGGGGAUGGGAUUUGCUUCCUGUCACAAAUCACAUUGCCAGGGAUUUCCAACCGACC,((.(((.((((((((((((.((((.((((((..........)))))).)))).))))))).))))).))).)),GUCACAAAUCACAU,....)))))).))),OOOOGUUUAGOGUA,2
1232,hsa-mir-551b,AGAUGUGCUCUCCUGGCCCAUGAAAUCAAGCGUGGGUGAGACCUGGUGCAGAACGGGAAGGCGACCCAUACUUGGUUUCAGAGGCUGUGAGAAUAA,........((((.(((((..((((((((((.((((((....((((........))))......)))))).))))))))))..))))).))))....,CGGGAAGGCGACCC,))))......)))),GUCCOOOOOOUGGG,2
1233,hsa-mir-550a-3,GAUGCUUUGCUGGCUGGUGCAGUGCCUGAGGGAGUAAGAGUCCUGUUGUUGUAAGAUAGUGUCUUACUCCCUCAGGCACAUCUCCAACAAGUCUC,...(((.....)))(((.(..((((((((((((((((((...(((((.......)))))..))))))))))))))))))..).))).........,AAGAUAGUGUCUUA,..)))))..))))),OOUUGUCOOAGAAU,2
1234,hsa-mir-450a-2,CCAAAGAAAGAUGCUAAACUAUUUUUGCGAUGUGUUCCUAAUAUGUAAUAUAAAUGUAUUGGGGACAUUUUGCAUUCAUAGUUUUGUAUCAAUAAUAUGG,.........(((((.(((((((...(((((.(((((((((((((((.......))))))))))))))).)))))...))))))).)))))..........,UAAAUGUAUUGGGG,...))))))))))),OOOUGUAUAAUCCU,2
1235,hsa-mir-1911,UCGGCAUCUGCUGAGUACCGCCAUGUCUGUUGGGCAUCCACAGUCUCCCACCAGGCAUUGUGGUCUCCGCUGACGCUUUG,..(((.((.((.(((.(((((.(((((((.((((...(....)...)))).))))))).)))))))).)).)).)))...,AGUCUCCCACCAGG,.)...)))).)))),OCOOOGGGUOGUCU,2
1236,hsa-mir-548aq,GAAAGUAAUUGCUGUUUUUGCCAUUACUUUCAGUGGCAAAAACUGCAAUUACUUUUGC,((((((((((((.((((((((((((......)))))))))))).))))))))))))..,UCAGUGGCAAAAAC,..)))))))))))),OOUUACCGUUUUUG,2
1237,hsa-mir-664b,UGGGCUAAGGGAGAUGAUUGGGUAGAAAGUAUUAUUCUAUUCAUUUGCCUCCCAGCCUACA,((((((..(((((.(((.(((((((((.......))))))))).))).)))))))))))..,UAUUCUAUUCAUUU,..))))))))).)),OOAAGAUGGGUOAG,2
1238,hsa-mir-10b,CCAGAGGUUGUAACGUUGUCUAUAUAUACCCUGUAGAACCGAAUUUGUGUGGUAUCCGUAUAGUCACAGAUUCGAUUCUAGGGGAAUAUAUGGUCGAUGCAAAAACUUCA,...((((((....(((((.((((((((.((((.(((((.((((((((((.(.(((....))).))))))))))).))))))))).)))))))).)))))....)))))).,UAUAGUCACAGAUU,.))).))))))))),OUAUOGGUGUUUAA,2
1239,hsa-mir-1185-1,UUUGGUACUUGAAGAGAGGAUACCCUUUGUAUGUUCACUUGAUUAAUGGCGAAUAUACAGGGGGAGACUCUUAUUUGCGUAUCAAA,.(((((((.(((((((((..(.((((((((((((((.((........)).)))))))))))))))..))))).)))).))))))).,AUGGCGAAUAUACA,..)).))))))))),OOUCOCUUGUAUGU,2
1240,hsa-mir-6772,AGGCCUGGGUGUAGGCUGGAGCUGAGGACUGAGGCUCACCUUGCUCCUGACUCUGUGCCCACAG,.....(((((((((((.(((((.((((..(((...)))))))))))).).).)))))))))...,GCUCACCUUGCUCC,..)))))))))))),OOAGUGGAGCGAGG,2
1241,hsa-mir-4436b-2,GUGUCCUCACUUGUCCACUUCUGCCUGCCCUGCCCAAAUGGUGGAGCAGAUUCGAGGGGCAGGGCAGGAAGAAGUGGACAAGUGAGGCCAU,(((.((((((((((((((((((.((((((((((((......((((.....))))..)))))))))))).)))))))))))))))))).))),CGAGGGGCAGGGCA,))..)))))))))),GUOOCCCGUCCCGU,2
1242,hsa-mir-548ay,AGAAGAUGCUUACUACUAGGUUGGUGCAAAAGUAAUUGUGGUUUUUGCAUUUAAAGUAAUGGCCAAAACCGCGAUUACUCUUGCACGAACCUAACGGUAACACUUCU,(((((.((.(((((..((((((.((((((.(((((((((((((((.((..(((...)))..)).))))))))))))))).)))))).))))))..)))))))))))),UAAUGGCCAAAACC,)))..)).)))))),AUUOOCGOUUUUGG,2
1243,hsa-mir-1271,CACCCAGAUCAGUGCUUGGCACCUAGCAAGCACUCAGUAAAUAUUUGUUGAGUGCCUGCUAUGUGCCAGGCAUUGUGCUGAGGGCU,..(((((..(((((((((((((.(((((.(((((((((((....))))))))))).))))).)))))))))))))..))).))...,UUUGUUGAGUGCCU,.))))))))))).),OAAUGACUCACGOA,2
1244,hsa-mir-6892,GUAAGGGACCGGAGAGUAGGAAAAGCAGGGCUCAGGGCCAGAGAGACUGGGCAUAGAACUAAGGAGGAUGGUGUCCUCCUGACUGCAUCUCUCUUCCCUCUCCCACCCCUUGCAG,(((((((...((((((..((((.((.(((...((((.((((.....)))).).........((((((((...))))))))..)))..))))).))))))))))...)))))))..,UCUCUCUUCCCUCU,))))).)))))))),GGAGAOAAGGGAGA,2
1245,hsa-mir-2114,CCUCCAUGCUCCUAGUCCCUUCCUUGAAGCGGUCGGAUAAUCACAUGACGAGCCUCAAGCAAGGGACUUCAAGCUGGUGG,((.(((.(((...((((((((.(((((.((.((((..........))))..)).))))).))))))))...)))))).)),CACAUGACGAGCCU,....))))..)).),OOOOGCUGOOCGOA,2
1246,hsa-mir-3692,CCAUUCCUGCUGGUCAGGAGUGGAUACUGGAGCAAUAGAUACAGUUCCACACUGACACUGCAGAAGUGG,(((((.((((.((((((..(((((.((((............))))))))).))))).).)))).))))),AGAUACAGUUCCAC,.....))))))))),OOOOOGUCAAGGUG,2
1247,hsa-mir-6781,AACCCCGGGCCGGAGGUCAAGGGCGUCGCUUCUCCCUAAUGUUGCCUCUUUUCCACGGCCUCAG,......((((((..((..(((((((..((...........)))))).)))..)).))))))...,CUAAUGUUGCCUCU,.....)))))).)),OOOOOCGGCGGOGA,2
1248,hsa-mir-203b,GCGCCCGCCGGGUCUAGUGGUCCUAAACAUUUCACAAUUGCGCUACAGAACUGUUGAACUGUUAAGAACCACUGGACCCAGCGCGC,((((..((.((((((((((((.((.((((.((((((.((.(......))).)).)))).)))).)).)))))))))))).)))))),AGAACUGUUGAACU,.))).)).)))).),OCUUOACOACUUOA,2
1249,hsa-mir-548au,AAAAGUAAUUGCGGUUUUUGCUAUUGGUUUUAAUGGCAGUUACUUUUGCACCAG,((((((((((((.(((...(((...)))...))).)))))))))))).......,GUUUUAAUGGCAGU,))...))).))))),CGOOOUUGOCGUUA,2
1250,hsa-mir-1912,CUCUAGGAUGUGCUCAUUGCAUGGGCUGUGUAUAGUAUUAUUCAAUACCCAGAGCAUGCAGUGUGAACAUAAUAGAGAUU,(((((..((((.(.(((((((((..(((.((((.(.......).)))).)))..))))))))).).))))..)))))...,UAUUCAAUACCCAG,....).)))).))),OOOOGOUAUGOGUC,2
1251,hsa-mir-1306,GUGAGCAGUCUCCACCACCUCCCCUGCAAACGUCCAGUGGUGCAGAGGUAAUGGACGUUGGCUCUGGUGGUGAUGGACAGUCCGA,.((.((.((((.(((((((......((.((((((((.((.(.....).)).)))))))).))...)))))))..)))).)).)).,GUAAUGGACGUUGG,.)).)))))))).),OGUOACCUGCAAOC,2
1252,hsa-mir-6876,AGUUGCAGGAAGGAGACAGGCAGUUCAGGAGGUGGCACUGCUGUGUGUGAGCUGUCUGUGUUUUCCUUCUCAG,.......((((((((((((((((((((.(....(((...)))...).))))))))))))...))))))))...,GUGUGUGAGCUGUC,...).))))))))),OOOGOACUUGACGG,2
1253,hsa-mir-181b-1,CCUGUGCAGAGAUUAUUUUUUAAAAGGUCACAAUCAACAUUCAUUGCUGUCGGUGGGUUGAACUGUGUGGACAAGCUCACUGAACAAUGAAUGCAACUGUGGCCCCGCUU,.........................(((((((.....(((((((((...((((((((((....(((....))))))))))))).)))))))))....)))))))......,GGACAAGCUCACUG,..)))))))))))),OOUGUUUGGGUGGC,2
1254,hsa-mir-197,GGCUGUGCCGGGUAGAGAGGGCAGUGGGAGGUAAGAGCUCUUCACCCUUCACCACCUUCUCCACCCAGCAUGGCC,((((((((.((((.(((((((..(((((.((((((....))).))).)))))..))))))).)))).)))))))),UUCACCCUUCACCA,)).))).)))))..,AAOUGGOGGGUGOO,2
1255,hsa-mir-296,AGGACCCUUCCAGAGGGCCCCCCCUCAAUCCUGUUGUGCCUAAUUCAGAGGGUUGGGUGGAGGCUCUCCUGAAGGGCUCU,.(((((((((..(((((((.((.(((((((((.(((.........)))))))))))).)).)))))))..)))))).))),UAAUUCAGAGGGUU,.....))))))))),OOOOOGUUUCCUAA,2
1256,hsa-mir-1343,GCUGGCGUCGGUGCUGGGGAGCGGCCCCCGGGUGGGCCUCUGCUCUGGCCCCUCCUGGGGCCCGCACUCUCGCUCUGGGCCCGC,((.(((.((((.((.((((.((((.(((((((.(((((........)))))..))))))).)))).)))).)).))))))).)),CUGGCCCCUCCUGG,..)))))..))))),OOCCGGGOOGGGCC,2
1257,hsa-mir-6850,GUGCGGAACGCUGGCCGGGGCGGGAGGGGAAGGGACGCCCGGCCGGAACGCCGCACUCACG,((((((....(((((((((.((.............)))))))))))....)))))).....,AGGGACGCCCGGCC,.....))))))))),OOOOOGCGGGCCGG,2
1258,hsa-mir-6502,CAGAGUGGGAGCUCUAGAAAGAUUGUUGACCAAUCAUCUUAUUGACUAGACCAUCUUUCUAGAGUAUAACUAUUUU,.(((((((..(((((((((((((.(((...((((......))))....))).)))))))))))))....))))))),UAUUGACUAGACCA,.))))....))).),OUAACOOOOUUGOU,2
1259,hsa-mir-3160-2,ACCUGCCCUGGGCUUUCUAGUCUCAGCUCUCCUGACCAGCUGAGCUGGAGGAGAGCUGAGACUAGAAAGCCCAGGGCAGGU,(((((((((((((((((((((((((((((((((..(((((...)))))))))))))))))))))))))))))))))))))),CUGGAGGAGAGCUG,)))))))))))))),GACCUCCUCUCGAC,2
1260,hsa-mir-4659b,CUGUUGACGUUGCCAUGUCUAAGAAGAAAAUUUUUCUCCAAAGUUUUCUUCUUAGACAUGGCAGCUUCAGCAG,(((((((.((((((((((((((((((((((((((.....)))))))))))))))))))))))))).))))))),CCAAAGUUUUCUUC,..)))))))))))),OOUUUUAAAAGAAG,2
1261,hsa-mir-548am,AGUUGGUGCAAAAGUAAUUGCGGUUUUUGCCGUCGAAAAUAAUGGCAAAAACUGCAGUUACUUUUGUACCAAUG,.((((((((((((((((((((((((((((((((........)))))))))))))))))))))))))))))))).,AUAAUGGCAAAAAC,...))))))))))),OOOUGCCGUUUUUG,2
1262,hsa-mir-6770-3,UAUCCUGAGAAGGCACAGCUUGCACGUGACCUCCUGGGCCUGGCGGCUGUGUCUUCACAG,....(((.((((((((((((.((.((.(.((....)).).)))))))))))))))).))),CCUGGGCCUGGCGG,...)).).)))))),OOOCCOGOGCCGUC,2
1263,hsa-mir-548az,AGAUUGUAUUAGGUUGGUGCAAAAGUGAUUGUGGUUUUUGCUGUUACUUUUAAUGGCAAAAACUGCAAUCACUUUUGCACCAACCUAAUAAAUUU,.((((.((((((((((((((((((((((((((((((((((((((((....)))))))))))))))))))))))))))))))))))))))))))).,UAAUGGCAAAAACU,)))))))))))))),AUUGUCGUUUUUGG,2
1264,hsa-mir-19a,GCAGUCCUCUGUUAGUUUUGCAUAGUUGCACUACAAGAAGAAUGUAGUUGUGCAAAUCUAUGCAAAACUGAUGGUGGCCUGC,((((.((.(((((((((((((((((((((((((((.......))))...))))))..))))))))))))))))).)).)))),AUGUAGUUGUGCAA,.))))...)))))),OACAUOOOCACGUU,2
1265,hsa-mir-6750,GCUGUCAGGGAACAGCUGGGUGAGCUGCUGCCCCAGAGGCCCAGCAGGUGUCCAGAACUCACCCUCUGCUCCCAG,.......((((.(((..(((((((((((((..((...))..))))))..........))))))).))).))))..,GUGUCCAGAACUCA,..........)))),OOOOOOOOOOGAGU,2
1266,hsa-mir-129-1,GGAUCUUUUUGCGGUCUGGGCUUGCUGUUCCUCUCAACAGUAGUCAGGAAGCCCUUACCCCAAAAAGUAUCU,(((((((((((.(((..((((((.(((..(..((....))..).))).))))))..))).))))))).)))),AGUCAGGAAGCCCU,.).))).)))))).,OCOGUCOUUCGGGO,2
1267,hsa-mir-627,UACUUAUUACUGGUAGUGAGUCUCUAAGAAAAGAGGAGGUGGUUGUUUUCCUCCUCUUUUCUUUGAGACUCACUACCAAUAAUAAGAAAUACUACUA,..(((((((.((((((((((((((.((((((((((((((.((....)).)))))))))))))).)))))))))))))).)))))))...........,UUCCUCCUCUUUUC,).)))))))))))),GOGGAGGAGAAAAG,2
1268,hsa-mir-503,UGCCCUAGCAGCGGGAACAGUUCUGCAGUGAGCGAUCGGUGCUCUGGGGUAUUGUUUCCGCUGCCAGGGUA,((((((.((((((((((((((.((.((..(((((.....))))))).)).)))))))))))))).)))))),GUGCUCUGGGGUAU,.))))))).)).)),OGCGAGACOUCOUG,2
1269,hsa-mir-6811,UAUGCAGGCCUGUGUACAGCACUCAGGCAGUGCCAUGAGCCUGUGCUUGUCCCUGCAG,..((((((.....((((((..(((((((...))).)))).)))))).....)))))).,UGCCAUGAGCCUGU,.))).)))).)))),OCGGOACUCOGACA,2
1270,hsa-mir-628,AUAGCUGUUGUGUCACUUCCUCAUGCUGACAUAUUUACUAGAGGGUAAAAUUAAUAACCUUCUAGUAAGAGUGGCAGUCGAAGGGAAGGGCUCAU,........((.(((.((((((...((((.(((.(((((((((((((..........))))))))))))).))).))))....))))))))).)).,AUAACCUUCUAGUA,...))))))))))),OOOUGGGAGAUCAU,2
1271,hsa-mir-1285-1,UGUAGAGAUAGGAUCUCACUUUGUUGCCCAGGCUGGUCUCAAACUCCUGGUCUGGGCAACAAAGUGAGACCUUAUCUCUACAAG,((((((((((((.(((((((((((((((((((((((..........))))))))))))))))))))))).))))))))))))..,CUCCUGGUCUGGGC,...))))))))))),OOOGGUCGGACCCG,2
1272,hsa-mir-3186,AGCCUGCGGUUCCAACAGGCGUCUGUCUACGUGGCUUCAACCAAGUUCAAAGUCACGCGGAGAGAUGGCUUUGGAACCAGGGGCU,(((((..((((((((.((.(((((.(((.((((((((.(((...)))..)))))))).))).))))).))))))))))..))))),UUCAAAGUCACGCG,))..)))))))).),AAOOUUCGGUGCOU,2
1273,hsa-mir-6726,GGGGGCGGGAGCUGGGGUCUGCAGGUUCGCACUGAUGCCUGCUCGCCCUGUCUCCCGCUAG,...((((((((.((((((..((((((((.....)).))))))..)))))).))))))))..,AUGCCUGCUCGCCC,).))))))..)))),UOUGGACGOOUGGG,2
1274,hsa-mir-6759,UAUUGUUGUGGGUGGGCAGAAGUCUGUUUUCUUCAUGGUUUUCUGACCUUUGCCUCUCCCCUCAG,......((.(((.(((((((.(((.(....((....))....).))).)))))))...))).)).,GGUUUUCUGACCUU,))....).))).)),UCOOOOGOCUGOAG,2
1275,hsa-mir-518c,GCGAGAAGAUCUCAUGCUGUGACUCUCUGGAGGGAAGCACUUUCUGUUGUCUGAAAGAAAACAAAGCGCUUCUCUUUAGAGUGUUACGGUUUGAGAAAAGC,.........(((((.((((((((.((((((((((((((.(((..((((.(((...))).))))))).)))))))))))))).)))))))).))))).....,AAGAAAACAAAGCG,.))).))))))).),OUCUOUUGUUUCOC,2
1276,hsa-mir-3619,ACGGCAUCUUUGCACUCAGCAGGCAGGCUGGUGCAGCCCGUGGUGGGGGACCAUCCUGCCUGCUGUGGGGUAAGGACGGCUGU,(((((.(((((((.(((((((((((((.((((.(..(((.....)))).)))).))))))))))).)).)))))))..))))),GUGGUGGGGGACCA,.....)))).)))),OOOOOCCCCOUGGU,2
1277,hsa-mir-1199,AGCCUGCGCCGGAGCCGGGGCCUGAGCCCGGGCCGCGCAGGCCGUGAACUCGUCGAGCUGCGCGUGCGGCCGGUGCUCAACCUGCCGGGUCCUGGCCCCGCGCUCCCGCGCGCCCUGGA,..(((((((.((((((((((((.(.((((..(((((((((..((((....)).))..))))))).))(((.(((.....))).))))))).).))))))).))))).)))))....)).,CUGCGCGUGCGGCC,))))))).))(((.,GACGCGCOCGCCGO,2
1278,hsa-mir-3617,AGGUCAUAGAAAGACAUAGUUGCAAGAUGGGAUUAGAAACCAUAUGUCUCAUCAGCACCCUAUGUCCUUUCUCUGCCCU,(((.((.((((((((((((.(((..((((((((............)))))))).)))..)))))).)))))).)).))),UAUGUCUCAUCAGC,...)))))))).)),OOOUAGGGUAGOCG,2
1279,hsa-mir-1301,GGAUUGUGGGGGGUCGCUCUAGGCACCGCAGCACUGUGCUGGGGAUGUUGCAGCUGCCUGGGAGUGACUUCACACAGUCCUC,((((((((.(((((((((((((((((.((((((((.......)).)))))).).))))).))))))))))).))))))))..,GGGGAUGUUGCAGC,..)).)))))).).,OOUCOACGACGOCO,2
1280,hsa-mir-29b-1,CUUCAGGAAGCUGGUUUCAUAUGGUGGUUUAGAUUUAAAUAGUGAUUGUCUAGCACCAUUUGAAAUCAGUGUUCUUGGGGG,(((((((((((((((((((.((((((..((((((.............)))))))))))).)))))))))).))))))))).,GAUUGUCUAGCACC,....)))))))))),OOOOUAGAUUGUGG,2
1281,hsa-mir-3085,CCCUACUCUGGGAAGGUGCCAUUCUGAGGGCCAGGAGUUUGAUUAUGUGUCACUCUGGCUGCUAUGGCCCCCUCCCAGGGUCUGG,((..(((((((((.((.(((((......((((((.(((..(((.....))))))))))))...))))).)).)))))))))..)),GUGUCACUCUGGCU,..)))))))))))),OOUAGUGAGACCGG,2
1282,hsa-mir-6861,GAGGCACUGGGUAGGUGGGGCUCCAGGGCUCCUGACACCUGGACCUCUCCUCCCCAGGCCCACA,(.(((.(((((.(((.((((.((((((..........)))))))))).))).)))))))))...,UGACACCUGGACCU,.....))))))))),OOOOOGGACCUGGG,2
1283,hsa-mir-208b,CCUCUCAGGGAAGCUUUUUGCUCGAAUUAUGUUUCUGAUCCGAAUAUAAGACGAACAAAAGGUUUGUCUGAGGGCAG,.((((((((.((((((((((.(((..((((((((.......))))))))..))).)))))))))).))))))))...,UCCGAAUAUAAGAC,...))))))))..),OOOUUUGUAUUOOG,2
1284,hsa-mir-10393,AGAAUUCUCUUAUCCAACAUCAACAUCUUGGUCAGAUUUGAACUCUUCAA,(((.((((((...((((..........))))..)))...))).)))....,AACAUCUUGGUCAG,......))))..)),OOOOOOAACCOOUC,2
1285,hsa-mir-135a-2,AGAUAAAUUCACUCUAGUGCUUUAUGGCUUUUUAUUCCUAUGUGAUAGUAAUAAAGUCUCAUGUAGGGAUGGAAGCCAUGAAAUACAUUGUGAAAAAUCA,.(((...(((((....(((.((((((((((((.((((((((((((.(.(.....).).)))))))))))))))))))))))).)))...)))))..))).,AAGUCUCAUGUAGG,.).).))))))))),OUOAOAGUGUAUCC,2
1286,hsa-mir-92a-1,CUUUCUACACAGGUUGGGAUCGGUUGCAAUGCUGUGUUUCUGUAUGGUAUUGCACUUGUCCCGGCCUGUUGAGUUUGG,....((..((((((((((((.(((.(((((((((((......)))))))))))))).))))))))))))..)).....,UGUAUGGUAUUGCA,..)))))))))))),OOGUGUCGUAACGU,2
1287,hsa-mir-6763,UUCUCCUGGGGAGUGGCUGGGGAGCAGACAGACCCAACCUCAUGCUCCCCGGCCUCUGCCCCCAG,.....((((((((.((((((((((((...((.......))..)))))))))))).))..)))))),CCUCAUGCUCCCCG,.))..))))))))),OGAOOACGAGGGGU,2
1288,hsa-mir-6507,GGAGGGAAGAAUAGGAGGGACUUUGUAUUGUGGUUCAGUACCAUGCAAAGUCCUUCCUAUUUUUCCCUCC,((((((((((((((((((((((((((...(((((.....))))))))))))))))))))))))))))))),UACCAUGCAAAGUC,.))))))))))))),OUGGUGUGUUUCAG,2
1289,hsa-mir-6882,GGCUUUACAAGUCAGGAGCUGAAGCAGCUGGAAUUCAAGCCCUGCUGCCUCUCCUCUUGCCUGCAG,.........((.((((((..((.(((((.((.........)).))))).))..)))))).))....,CAAGCCCUGCUGCC,.....)).))))).,OOOOOGGOCGACGO,2
1290,hsa-mir-3157,GGGAAGGGCUUCAGCCAGGCUAGUGCAGUCUGCUUUGUGCCAACACUGGGGUGAUGACUGCCCUAGUCUAGCUGAAGCUUUUCCC,(((((((((((((((.(((((((.((((((.((((((((....))).)))))...)))))).))))))).))))))))))))))),GUGAUGACUGCCCU,))...)))))).)),CGOOOCUGACGOGA,2
1291,hsa-mir-3922,GGAAGAGUCAAGUCAAGGCCAGAGGUCCCACAGCAGGGCUGGAAAGCACACCUGUGGGACUUCUGGCCUUGACUUGACUCUUUC,(((((((((((((((((((((((((((((((((....(((....)))....))))))))))))))))))))))))))))))))),UGGGACUUCUGGCC,)))))))))))))),ACCCUGGAGACCGG,2
1292,hsa-mir-653,UUCAUUCCUUCAGUGUUGAAACAAUCUCUACUGAACCAGCUUCAAACAAGUUCACUGGAGUUUGUUUCAAUAUUGCAAGAAUGAUAAGAUGGAAGC,.((((((...((((((((((((((.(((((.(((((.............))))).))))).))))))))))))))...))))))............,AAACAAGUUCACUG,......))))).)),OOOOOOCAAGUOAU,2
1293,hsa-mir-6885,CCUGGAGGGGGGCACUGCGCAAGCAAAGCCAGGGACCCUGAGAGGCUUUGCUUCCUGCUCCCCUAG,.....(((((((((..(.(.(((((((((((((...)))....)))))))))))))))))))))..,UGAGAGGCUUUGCU,)....))))))))),AOOOOCCGAAACGA,2
1294,hsa-mir-23b,CUCAGGUGCUCUGGCUGCUUGGGUUCCUGGCAUGCUGAUUUGUGACUUAAGAUUAAAAUCACAUUGCCAGGGAUUACCACGCAACCACGACCUUGGC,.(((((.(.(((((.(((.(((((((((((((((.((((((..............)))))))).))))))))))..))).))).))).)))))))).,GAUUAAAAUCACAU,.....)))))))).,OOOOOUUUAGUGUO,2
1295,hsa-mir-3180-1,CAGUGCGACGGGCGGAGCUUCCAGACGCUCCGCCCCACGUCGCAUGCGCCCCGGGAAAGCGUGGGGCGGAGCUUCCGGAGGCCCCGCCCUGCUG,....(((..((((((.((((((.((.((((((((((((((....(.((...)).)...)))))))))))))).)).)))))).)))))))))..,GAAAGCGUGGGGCG,)...)))))))))),UOOOUGCACCCCGC,2
1296,hsa-mir-506,GCCACCACCAUCAGCCAUACUAUGUGUAGUGCCUUAUUCAGGAAGGUGUUACUUAAUAGAUUAAUAUUUGUAAGGCACCCUUCUGAGUAGAGUAAUGUGCAACAUGGACAACAUUUGUGGUGGC,((((((((...........(((((((((.(((.((((((((((.(((((..((((.(((((....)))))))))))))).)))))))))).)))...))).)))))).........)))))))),AUAUUUGUAAGGCA,..)))))))))))),OOUAGAUAUUCUGU,2
1297,hsa-mir-3117,CCCUAAAGGGCCAGACACUAUACGAGUCAUAUAAGGGAAGGCAUUAUAGGACUCAUAUAGUGCCAGGUGUUUUGUGGG,((((((((.(((.(.(((((((.(((((.(((((.(.....).))))).))))).))))))).).))).))))).))),AGGCAUUAUAGGAC,...).))))).))),OOOGOAAUAUOCUG,2
1298,hsa-mir-1178,GCGUUGGCUGGCAGAGGAAGGGAAGGGUCCAGGGUCAGCUGAGCAUGCCCUCAGGUUGCUCACUGUUCUUCCCUAGAAUGUCAGGUGAUGU,((((((.((((((.....(((((((((........(((.((((((.(((....)))))))))))))))))))))....)))))).)))))),CCUCAGGUUGCUCA,(....))))))))),GOOOOCCGACGAGU,2
1299,hsa-mir-423,AUAAAGGAAGUUAGGCUGAGGGGCAGAGAGCGAGACUUUUCUAUUUUCCAAAAGCUCGGUCUGAGGCCCCUCAGUCUUGCUUCCUAACCCGCGC,....(((((((.((((((((((((..(((.((((.(((((.........))))))))).)))...)))))))))))).))))))).........,UUCCAAAAGCUCGG,....))))))))).,OOOOUUUUCGAGCO,2
1300,hsa-mir-6769a,AGGCCAGGUGGGUAUGGAGGAGCCCUCAUAUGGCAGUUGGCGAGGGCCCAGUGAGCCCCUCUCUGCUCUCCAG,..(((((.((.(((((.(((...))))))))..)).)))))((((((..((.(((...))).))))))))...,GCCCAGUGAGCCCC,((..((.(((...),CGOOUCOCUCOOOG,2
1301,hsa-mir-20b,AGUACCAAAGUGCUCAUAGUGCAGGUAGUUUUGGCAUGACUCUACUGUAGUAUGGGCACUUCCAGUACU,(((((..(((((((((((.(((((..((((.......))))...))))).)))))))))))...))))),UGACUCUACUGUAG,.))))...))))).,OUUGAOOOGACGUO,2
1302,hsa-mir-4797,GACUCAGAAGACAGAGUGCCACUUACUGAAAGGUUUUUUCUCUCAGUAAGUGGCACUCUGUCUUCUGAGUU,(((((((((((((((((((((((((((((.(((.....))).))))))))))))))))))))))))))))),UUUUUUCUCUCAGU,.....))).))))),OOOOOGGAOAGUCA,2
1303,hsa-mir-1224,GUGAGGACUCGGGAGGUGGAGGGUGGUGCCGCCGGGGCCGGGCGCUGUUUCAGCUCGCUUCUCCCCCCACCUCCUCUCUCCUCAG,.((((((...(((((((((..((((....))))((((..((((((((...))))..))))..)))))))))))))...)))))).,CUUCUCCCCCCACC,)))..))))))))),GGGOOGGGGGGUGG,2
1304,hsa-mir-186,UGCUUGUAACUUUCCAAAGAAUUCUCCUUUUGGGCUUUCUGGUUUUAUUUUAAGCCCAAAGGUGAAUUUUUUGGGAAGUUUGAGCU,.(((((.(((((((((((((((((.(((((.((((((..............))))))))))).)))))))))))))))))))))).,AUUUUAAGCCCAAA,.....))))))))),OOOOOUUCGGGUUU,2
1305,hsa-mir-2467,GGACAGGCACCUGAGGCUCUGUUAGCCUUGGCUCUGGGUCCUGCUCCUUAGAGCAGAGGCAGAGAGGCUCAGGGUCUGUCU,((((((((.((((((.((((.(..(((((.((((((((........)))))))).)))))).)))).)))))))))))))),UCCUUAGAGCAGAG,..)))))))).))),OOGGGUCUCGOUUC,2
1306,hsa-mir-6820,CCUUCUGCGGCAGAGCUGGGGUCACCAGCCCUCAUGUACUUGUGACUUCUCCCCUGCCACAG,....(((.(((((.(..((((((((.((..(....)..)).))))))))..).))))).))),AUGUACUUGUGACU,..)..)).)))))),OOCOOGAOCACUGG,2
1307,hsa-mir-7112,ACGGGCAGGGCAGUGCACCCUGCAGGUGAGAGCGGGAACACCUGCAUCACAGCCUUUGGCCCUAG,..(((((((((.(((.....((((((((..........)))))))).))).)))))..))))...,GAACACCUGCAUCA,...)))))))).)),OOOGUGGACGUOGU,2
1308,hsa-mir-3678,GAAUCCGGUCCGUACAAACUCUGCUGUGUUGAAUGAUUGGUGAGUUUGUUUGCUCAUUGAUUGAAUCACUGCAGAGUUUGUACGGACCGGAUUC,((((((((((((((((((((((((.(((......(((((((((((......)))))))))))....))).)))))))))))))))))))))))),UGAAUCACUGCAGA,)....))).))))),GOOOOGUGOCGUCU,2
1309,hsa-mir-6822,UGGCCCAGGGAACCAGUUGGGGCUUCCGCUCUGCAGAGGCUCUAACUGGCUUUCCCUGCAG,.....(((((((((((((((((((((.((...)).))))))))))))))..)))))))...,UCUGCAGAGGCUCU,...)).)))))))),OOOCGOCUUCGGGG,2
1310,hsa-mir-6762,AGAGCCGGGGCCAUGGAGCAGCCUGUGUAGACGGGGACCUGCCCUGCAUGGGCACCCCCUCACUGGCUGCUUCCCUUGGUCUCCAG,.(((((((((....(((((((((.(((.((..((((...(((((.....)))))))))))))).))))))))))))))).)))...,CCCUCACUGGCUGC,))))))).)))))),GGGAGUGOCCGACG,2
1311,hsa-mir-3127,GGCCAGGCCCAUCAGGGCUUGUGGAAUGGGAAGGAGAAGGGACGCUUCCCCUUCUGCAGGCCUGCUGGGUGUGGCU,(((((.(((((.((((.(((((((((.((((((...........)))))).))))))))))))).))))).))))),GGACGCUUCCCCUU,.....)))))).)),OOOOOGAAGGGOAA,2
1312,hsa-mir-7113,CUCCAGGGAGACAGUGUGUGAGGCCUCUUGCCAUGGCCUCCCUGCCCGCCUCUCUGCAG,((.(((((((...(((.((((((((.........))))))...)).)))))))))).)),GCCAUGGCCUCCCU,.....))))))...,OOOOOCCGGAGOOO,2
1313,hsa-mir-4746,GUGUCUGUGCCGGUCCCAGGAGAACCUGCAGAGGCAUCGGGUCAGCGGUGCUCCUGCGGGCCGACACUCAC,(((...(((.((((((((((((.(((.((...(((.....))).))))).)))))).)))))).))).))),UCGGGUCAGCGGUG,....))).))))).,OOOOCGGOCGCCAO,2
1314,hsa-mir-519a-1,CUCAGGCUGUGACACUCUAGAGGGAAGCGCUUUCUGUUGUCUGAAAGAAAGGAAAGUGCAUCCUUUUAGAGUGUUACUGUUUGAG,(((((((.(((((((((((((((((.(((((((((....(((...)))..))))))))).))))))))))))))))).))))))),AGAAAGGAAAGUGC,)))..))))))))),UCUOOUCUUUCGCG,2
1315,hsa-mir-194-2,UGGUUCCCGCCCCCUGUAACAGCAACUCCAUGUGGAAGUGCCCACUGGUUCCAGUGGGGCUGCUGUUAUCUGGGGCGAGGGCCAG,((((((.((((((..(((((((((.((((((.((((...(((....))))))))))))).)))))))))..)))))).)))))).,ACUGGUUCCAGUGG,...))))))))))),OOOCCGAGGUUACC,2
1316,hsa-mir-4999,AUAGAAAAUAAAACACAUACUGCUGUAUUGUCAGGUAGUGAUAGGAUUUAUCACUACCUGACAAUACAGUAUGUGUUUGUUUUAUAUAUUU,.......((((((((.(((((((((((((((((((((((((((.....))))))))))))))))))))))).)))).))))))))......,GGAUUUAUCACUAC,.....))))))))),OOOOOAUAGUGAUG,2
1317,hsa-mir-4800,GGAGAAAGGAGUGGACCGAGGAAGGAAGGAAGGCAAGGCUGUCUGUCCAUCCGUCCGUCUGUCCACCUACCUGUCAGUCC,(((((.(((.((((((.(((((.(((.((((((((....))))).))).))).))).)).))))))...))).))..))),GUCUGUCCAUCCGU,)))).))).))).),CGGAOAGGOAGGOA,2
1318,hsa-mir-7154,UUCAUGAACUGGGUCUAGCUUGGAGCCUUGGUAGGGAAGCAAGCUGAGGAGAUAGGAGGACAAGUUGUGGGAU,(((((.((((..((((..((((...(((((((..(....)..)))))))...)))).)))).)))))))))..,AGGAGAUAGGAGGA,)))...)))).))),UCCOOOGUUCOUCU,2
1319,hsa-mir-330,CUUUGGCGAUCACUGCCUCUCUGGGCCUGUGUCUUAGGCUCUGCAAGAUCAACCGAGCAAAGCACACGGCCUGCAGAGAGGCAGCGCUCUGCCC,....(((((.(.(((((((((((((((((((.(((..((((.............)))).))))))).))))..))))))))))).).)).))).,CAACCGAGCAAAGC,.....)))).)))),OOOOOCUCGOUUCG,2
1320,hsa-mir-6757,GGGCUUAGGGAUGGGAGGCCAGGAUGAAGAUUAAUCCCUAAUCCCCAACACUGGCCUUGCUAUCCCCAG,.......((((((((((((((((.((..(((((.....)))))..)).).)))))))).)))))))...,AAUCCCCAACACUG,))))..)).).))),UUAGOOGUOGOGAC,2
1321,hsa-mir-6831,GUAGGUAGAGUGUGAGGAGGAGGUCUGAGCCCAUGUGUGGACCUAGGUCUGCUGUUAAACUGACUAACUCCCACUCUACAG,....((((((((...((((..((((...........((((((....)))))).........))))..))))))))))))..,GUUAAACUGACUAA,........))))..,OOOOOOOOCUGGOO,2
1322,hsa-mir-1227,GUGGGGCCAGGCGGUGGUGGGCACUGCUGGGGUGGGCACAGCAGCCAUGCAGAGCGGGCAUUUGACCCCGUGCCACCCUUUUCCCCAG,.(((((..(((.((((((.....((((..((.((.......)).))..)))).(((((........))))))))))))))..))))).,UUGACCCCGUGCCA,.....))))))))),OOOOOGGGCGUGGU,2
1323,hsa-mir-153-2,AGCGGUGGCCAGUGUCAUUUUUGUGAUGUUGCAGCUAGUAAUAUGAGCCCAGUUGCAUAGUCACAAAAGUGAUCAUUGGAAACUGUG,.(((((..(((((((((((((((((((..(((((((.((.......))..)))))))..))))))))))))).))))))..))))).,AGCCCAGUUGCAUA,.))..)))))))..,OUGOOUCGACGUOO,2
1324,hsa-mir-7157,UCAGCAUUCAUUGGCACCAGAGAUGAAAUUGGGACUCCUCUGUGCUACUGGAUGAAGAGU,((..((((((.((((((.((((...............)))))))))).))))))..))..,GGACUCCUCUGUGC,......)))))))),OOOOOOGAGACACG,2
1325,hsa-mir-1255b-2,UCUUACGGAUGAGCAAAGAAAGUGGUUUGCGCCUCAAGAAACCACUUUCUUUGCUCAUCCAUAAGGA,(((((.((((((((((((((((((((((..........)))))))))))))))))))))).))))).,CUCAAGAAACCACU,......)))))))),OOOOOOUUUGGUGA,2
1326,hsa-mir-6840,UGACCACCCCCGGGCAAAGACCUGCAGAUCCCCUGUUAGAGACGGGCCCAGGACUUUGUGCGGGGUGCCCA,....((((((.(.((((((.((((.......((((((...))))))..)))).)))))).)))))))....,GAGACGGGCCCAGG,..))))))..)))),OOUUGUCCOOGUCC,2
1327,hsa-mir-1288,GAGGGUGUUGAUCAGCAGAUCAGGACUGUAACUCACCAUAGUGGUGGACUGCCCUGAUCUGGAGACCACUGCCUU,.((((((.((.((..(((((((((...(((..((((((...))))))..))))))))))))..)).)).)))))),AUAGUGGUGGACUG,(...))))))..)),UOOOACCACUOOAU,2
1328,hsa-mir-4733,GGUCGCUUAAAUCCCAAUGCUAGACCCGGUGGCAAUCAAGGUCUAGCCACCAGGUCUAGCAUUGGGAUUUAAGCCC,....((((((((((((((((((((((.((((((............)))))).))))))))))))))))))))))..,GGUCUAGCCACCAG,......)))))).),OOOOOOCGGUGGOC,2
1329,hsa-mir-6841,GUGUUUAGGGUACUCAGAGCAAGUUGUGAAACACAGGUGUUUUUUAACCUCACCUUGCAUCUGCAUCCCCAG,.......(((....(((((((((..((((......(((........)))))))))))).))))....)))..,UAACCUCACCUUGC,..)))))))))))),OOUGGAGUGGAACG,2
1330,hsa-mir-519a-2,UCUCAGGCUGUGUCCCUCUACAGGGAAGCGCUUUCUGUUGUCUGAAAGAAAGGAAAGUGCAUCCUUUUAGAGUGUUACUGUUUGAGA,((((((((.(((.(.(((((.(((((.(((((((((....(((...)))..))))))))).))))).))))).).))).)))))))),AGAAAGGAAAGUGC,)))..))))))))),UCUOOUCUUUCGCG,2
1331,hsa-mir-6515,CAUUGGAGGGUGUGGAAGACAUCUGGGCCAACUCUGAUCUCUUCAUCUACCCCCCAG,...(((.(((((..(((((.(((.(((....))).))).)))))...))))).))).,ACUCUGAUCUCUUC,.))).))).))))),OGGGOCUAOAGAAG,2
1332,hsa-mir-939,UGUGGGCAGGGCCCUGGGGAGCUGAGGCUCUGGGGGUGGCCGGGGCUGACCCUGGGCCUCUGCUCCCCAGUGUCUGACCGCG,.((((...((((.(((((((((.(((((.((((((..(((....)))..))))))))))).))))))))).))))..)))).,GGGCUGACCCUGGG,..)))..))))))),OOCGGOOGGGGUCC,2
1333,hsa-mir-3074,GCUCGACUCCUGUUCCUGCUGAACUGAGCCAGUGUGUAAAAUGAGAACUGAUAUCAGCUCAGUAGGCACCGGAGGGCGGGU,(((((.((((.((.((((((((.((((..((((.............))))...)))).)))))))).)).))))..))))),GAGAACUGAUAUCA,....))))...))),OOOOUGACOOOAGU,2
1334,hsa-mir-6893,CCGGGCAGGCAGGUGUAGGGUGGAGCCCACUGUGGCUCCUGACUCAGCCCUGCUGCCUUCACCUGCCAG,...((((((.(((((((((((((((((......)))))).......))))))).))))...))))))..,GACUCAGCCCUGCU,......))))))).,OOOOOOUGGGAUGO,2
1335,hsa-mir-105-1,UGUGCAUCGUGGUCAAAUGCUCAGACUCCUGUGGUGGCUGCUCAUGCACCACGGAUGUUUGAGCAUGUGCUACGGUGUCUA,...(((((((((.((.((((((((((..((((((((..........))))))))..)))))))))).)))))))))))...,AUGCACCACGGAUG,...))))))))..),OOOGUGGUGUCOOC,2
1336,hsa-mir-5004,GGCACUUGCUUGGGGGUUAGUGAGGACAGGGCAAAUUCACGAGAUUGGGUUGUGCAGAGGCUGACACUUGGAUUUUCCUGGGCCUCAGGACUUCCUUUCAGACAUGG,(((....))).(((((((..(((((.(((((.(((((((.(.(.((((.((......)).))))).).))))))))))))..))))).)))))))............,GCUGACACUUGGAU,.))))).).))))),OGGUUGOGOACUUA,2
1337,hsa-mir-548j,GGGCAGCCAGUGAAUAGUUAGCUGGUGCAAAAGUAAUUGCGGUCUUUGGUAUUACUUUCAGUGGCAAAAACUGCAUUACUUUUGCACCAGCCUACUAGAACGCUGAGUUCAG,((((...(((((..((((..(((((((((((((((((.(((((.((((.((((......)))).)))).))))))))))))))))))))))..))))...))))).))))..,UCAGUGGCAAAAAC,..)))).)))).)),OOUUAUOGUUUOUG,2
1338,hsa-mir-519c,UCUCAGCCUGUGACCCUCUAGAGGGAAGCGCUUUCUGUUGUCUGAAAGAAAAGAAAGUGCAUCUUUUUAGAGGAUUACAGUUUGAGA,((((((.((((((.((((((((((((.(((((((((....(((...)))..))))))))).)))))))))))).)))))).)))))),AGAAAAGAAAGUGC,)))..))))))))),UCUOOUCUUUCGCG,2
1339,hsa-mir-6877,AGUUCAGGGCCGAAGGGUGGAAGCUGCUGGUGCUCAUCUCAGCCUCUGCCCUUGGCCUCCCCAG,......(((((.(((((((((.((((..(((....))).)))).))))))))))))))......,CUCAUCUCAGCCUC,...))).)))).)),OOOUGGOGUCGOAG,2
1340,hsa-mir-147b,UAUAAAUCUAGUGGAAACAUUUCUGCACAAACUAGAUUCUGGACACCAGUGUGCGGAAAUGCUUCUGCUACAUUUUUAGG,((.((((.((((((((.((((((((((((.........((((...)))))))))))))))).)))))))).)))).))..,GACACCAGUGUGCG,(...)))))))))),COOOGGUCACACGU,2
1341,hsa-mir-1228,GUGGGCGGGGGCAGGUGUGUGGUGGGUGGUGGCCUGCGGUGAGCAGGGCCCUCACACCUGCCUCGCCCCCCAG,..((((((((.((((((((.((........(.(((((.....))))).))).)))))))))))))))).....,AGGGCCCUCACACC,))).))).)))))),UCCOGGGOGUGUGG,2
1342,hsa-mir-4649,UCUGGGCGAGGGGUGGGCUCUCAGAGGGGCUGGCAGUACUGCUCUGAGGCCUGCCUCUCCCCAG,.(((((.(((((((((((.(((((((.((.((....)))).))))))))))))))))))))))),GUACUGCUCUGAGG,.)))).)))))))),OGUGGOGAGACUCC,2
1343,hsa-mir-29a,AUGACUGAUUUCUUUUGGUGUUCAGAGUCAAUAUAAUUUUCUAGCACCAUCUGAAAUCGGUUAU,((((((((((((...(((((((.((((...........)))))))))))...)))))))))))),AAUUUUCUAGCACC,....)))))))))),OOOOGAGAUUGUGG,2
1344,hsa-mir-101-2,ACUGUCCUUUUUCGGUUAUCAUGGUACCGAUGCUGUAUAUCUGAAAGGUACAGUACUGUGAUAACUGAAGAAUGGUGGU,((((.((((((((((((((((((((((.(.((((............))))).)))))))))))))))))))).)))))),UGAAAGGUACAGUA,.....))))).))),OOOOOUCGUGOCAU,2
1345,hsa-mir-431,UCCUGCUUGUCCUGCGAGGUGUCUUGCAGGCCGUCAUGCAGGCCACACUGACGGUAACGUUGCAGGUCGUCUUGCAGGGCUUCUCGCAAGACGACAUCCUCAUCACCAACGACG,...((.(((((.(((((((.((((((((((.((.(.((((((((........)))....))))).).)).)))))))))).))))))).)))))))..................,AACGUUGCAGGUCG,....))))).).)),OOOOGACGUOCOGC,2
1346,hsa-mir-3677,GGCAGUGGCCAGAGCCCUGCAGUGCUGGGCAUGGGCUUCUCGUGGGCUCUGGCCACGGCC,(((.(((((((((((((.((((.(((.......)))..)).))))))))))))))).))),UGGGCUUCUCGUGG,..)))..)).)))),OOUCGOOGAOCGCC,2
1347,hsa-mir-518f,UCUCAUGCUGUGACCCUCUAGAGGGAAGCACUUUCUCUUGUCUAAAAGAAAAGAAAGCGCUUCUCUUUAGAGGAUUACUCUUUGAGA,(((((....((((.(((((((((((((((.(((((((((......))))...))))).))))))))))))))).))))....))))),AAGAAAAGAAAGCG,))))...))))).),UUCUOOOCUUUCOC,2
1348,hsa-mir-20a,GUAGCACUAAAGUGCUUAUAGUGCAGGUAGUGUUUAGUUAUCUACUGCAUUAUGAGCACUUAAAGUACUGC,((((.(((.(((((((((((((((((.(((...........))))))))))))))))))))..))).)))),GUUAUCUACUGCAU,.....))))))))),OOOOOGAUGACGUG,2
1349,hsa-mir-124-2,AUCAAGAUUAGAGGCUCUGCUCUCCGUGUUCACAGCGGACCUUGAUUUAAUGUCAUACAAUUAAGGCACGCGGUGAAUGCCAAGAGCGGAGCCUACGGCUGCACUUGAA,.(((((..(((((((((((((((..((((((((.(((..((((((((...........))))))))..))).))))))))..))))))))))))....)))..))))).,AUACAAUUAAGGCA,....))))))))..,OOOOUUAGUUCCOO,2
1350,hsa-mir-3605,ACUUUAUACGUGUAAUUGUGAUGAGGAUGGAUAGCAAGGAAGCCGCUCCCACCUGACCCUCACGGCCUCCGUGUUACCUGUCCUCUAGGUGGGACGCUCG,.........((((.........((((((((.(((((.(((.((((.................)))).))).))))).))))))))........))))...,CUCACGGCCUCCGU,....)))).))).),OOOOGCCGOAGGOA,2
1351,hsa-mir-874,UUAGCCCUGCGGCCCCACGCACCAGGGUAAGAGAGACUCUCGCUUCCUGCCCUGGCCCGAGGGACCGACUGGCUGGGC,((((((...(((.(((.((..((((((((((.(((...))).))...))))))))..)).))).)))...))))))..,UCGCUUCCUGCCCU,)).))...)))))),AGOGAOOOAUGGGA,2
1352,hsa-mir-6754,GGCUGCCAGGGAGGCUGGUUUGGAGGAGUCUGGUGGCCUGUUCUCUUCACCUGCCUCUGCCUGCAG,..((((.((((((((.(((..(((((((((....)))...))))))..))).)))))..))))))),CCUGUUCUCUUCAC,)...))))))..)),GOOOAGGAGGOOUG,2
1353,hsa-mir-125b-2,ACCAGACUUUUCCUAGUCCCUGAGACCCUAACUUGUGAGGUAUUUUAGUAACAUCACAAGUCAGGCUCUUGGGACCUAGGCGGAGGGGA,.((...((((.(((((((((.((((.(((.((((((((.((.........)).)))))))).))).)))))))).))))).)))).)).,AGUAACAUCACAAG,....)).))))))),OOOOUGOAGUGUUC,2
1354,hsa-mir-556,GAUAGUAAUAAGAAAGAUGAGCUCAUUGUAAUAUGAGCUUCAUUUAUACAUUUCAUAUUACCAUUAGCUCAUCUUUUUUAUUACUACCUUCAACA,..(((((((((((((((((((((.((.((((((((((..............)))))))))).)).))))))))))))))))))))).........,ACAUUUCAUAUUAC,....)))))))))),OOOOGAGUAUAAUG,2
1355,hsa-mir-5580,UGCUGGCUCAUUUCAUAUGUGUGCUGAGAAAAUUCACACAUAUGAAGUGAGCCAGCAC,(((((((((((((((((((((((...........))))))))))))))))))))))).,AAAUUCACACAUAU,.....))))))))),OOOOOGUGUGUAUA,2
1356,hsa-mir-4732,GAGGGAGCUGUAGAGCAGGGAGCAGGAAGCUGUGUGUGUCCAGCCCUGACCUGUCCUGUUCUGCCCCCAGCCCCUC,(((((.((((((((((((((..((((..((((........)))))))).....)))))))))))....)))))))),GUGUCCAGCCCUGA,.....)))))))).,OOOOOGUCGGGACO,2
1357,hsa-mir-3173,UCCCUGCCCUGCCUGUUUUCUCCUUUGUGAUUUUAUGAGAACAAAGGAGGAAAUAGGCAGGCCAGGGA,((((((.(((((((((((((((((((((..((....))..))))))))))))))))))))).)))))),UGAGAACAAAGGAG,.))..))))))))),OUUOOUGUUUCCUC,2
1358,hsa-mir-942,AUUAGGAGAGUAUCUUCUCUGUUUUGGCCAUGUGUGUACUCACAGCCCCUCACACAUGGCCGAAACAGAGAAGUUACUUUCCUAAU,((((((((((((.(((((((((((((((((((((((..............))))))))))))))))))))))).)))))))))))),CCCCUCACACAUGG,.....))))))))),OOOOOGUGUGUACC,2
1359,hsa-mir-3688-1,UCUUCACUUUCAAGAGUGGCAAAGUCUUUCCAUAUGUAUGUAUGUAUGUCUGUUACACAUAUGGAAAGACUUUGCCACUCUUUAAAGUGAAGA,((((((((((.((((((((((((((((((((((((((..(((...........))))))))))))))))))))))))))))).)))))))))),UUACACAUAUGGAA,.))))))))))))),OAUGUGUAUACCUU,2
1360,hsa-mir-16-2,GUUCCACUCUAGCAGCACGUAAAUAUUGGCGUAGUGAAAUAUAUAUUAAACACCAAUAUUACUGUGCUGCUUUAGUGUGAC,(((.((((..(((((((((..((((((((.((.................)).))))))))..)))))))))..)))).))),UUAAACACCAAUAU,....)).))))))),OOOOUGOGGUUAUA,2
1361,hsa-mir-3189,GCCUCAGUUGCCCCAUCUGUGCCCUGGGUAGGAAUAUCCUGGAUCCCCUUGGGUCUGAUGGGGUAGCCGAUGC,((.((.(((((((((((.(.((((.((((((((...)))))....)))..))))).))))))))))).)).)),CUGGAUCCCCUUGG,)))....)))..)),GAUOOOOGGGOOCC,2
1362,hsa-mir-579,CAUAUUAGGUUAAUGCAAAAGUAAUCGCGGUUUGUGCCAGAUGACGAUUUGAAUUAAUAAAUUCAUUUGGUAUAAACCGCGAUUAUUUUUGCAUCAAC,........(((.((((((((((((((((((((((((((((((((..(((((......))))))))))))))))))))))))))))))))))))).))),UAAUAAAUUCAUUU,...))))))))))),OOOGUUUAAGUAGA,2
1363,hsa-mir-4668,AGGGAAAAAAAAAAGGAUUUGUCUUGUAGCCAGGAUAUUGUUUUAAAGAAAAUCCUUUUUGUUUUUCCAG,.(((((((.(((((((((((.((((..((.(((....))).))..))))))))))))))).)))))))..,UUUUAAAGAAAAUC,.))..))))))))),OGAOOUUCUUUUAG,2
1364,hsa-mir-24-1,CUCCGGUGCCUACUGAGCUGAUAUCAGUUCUCAUUUUACACACUGGCUCAGUUCAGCAGGAACAGGAG,((((.((.(((.(((((((((..(((((.............))))).))))))))).))).)).)))),UACACACUGGCUCA,.....))))).))),OOOOOUGACUOAGU,2
1365,hsa-mir-4638,GACUCGGCUGCGGUGGACAAGUCCGGCUCCAGAACCUGGACACCGCUCAGCCGGCCGCGGCAGGGGUC,(((((.((((((((.(....(..(((.(((((...)))))..)))..)...).))))))))..))))),UCCAGAACCUGGAC,(((((...))))).,AGGUCOOOGACCUO,2
1366,hsa-mir-937,AGCACUGCCCCCGGUGAGUCAGGGUGGGGCUGGCCCCCUGCUUCGUGCCCAUCCGCGCUCUGACUCUCUGCCCACCUGCAGGAGCU,(((.((((....((((((((((((((.((.(((......((.....))))).)).)))))))))))...))).....))))..))),CGUGCCCAUCCGCG,...))))).)).)),OOOCGGGUOGGOGU,2
1367,hsa-mir-6511b-2,GGGGCCUGCAGGCAGAAGUGGGGCUGACAGGGCAGAGGGUUGCGCCCCCUCACCACCCCUUCUGCCUGCAG,.....(((((((((((((.((((.(((..((((..........))))..))).).)))))))))))))))),UGCGCCCCCUCACC,...))))..))).),OOOCGGGOOAGUOG,2
1368,hsa-mir-4716,CAUACUUUGUCUCCAUGUUUCCUUCCCCCUUCUGUAUACAUGUAUACAGGAGGAAGGGGGAAGGAAACAUGGAGACAAAGUGUG,((((((((((((((((((((((((((((((((((((((....)))))....))))))))))))))))))))))))))))))))),CAGGAGGAAGGGGG,)....))))))))),GOOOOUCUUCCCCC,2
1369,hsa-let-7e,CCCGGGCUGAGGUAGGAGGUUGUAUAGUUGAGGAGGACACCCAAGGAGAUCACUAUACGGCCUCCUAGCUUUCCCCAGG,((.(((..(((.((((((((((((((((.((((.(....))).......)))))))))))))))))).)))..))).)),GAGAUCACUAUACG,....)))))))))),OOOOAGUGAUAUGU,2
1370,hsa-mir-3529,GGCACCAUUAGGUAGACUGGGAUUUGUUGUUGAGCGCAGUAAGACAACAACAAAAUCACUAGUCUUCCAGAUGGGGCC,(((.(((((.((.(((((((((((((((((((............))))))).))))).))))))).)).))))).))),GUAAGACAACAACA,......))))))).,OOOOOOGUUGUUGO,2
1371,hsa-mir-6810,CUGGGAUGGGGACAGGGAUCAGCAUGGCACAGAUCCAAUACCUUCUGUCCCCUGCUCCCUUGUUCCCCAG,......(((((((((((...((((.((.(((((..........))))).)).)))).))))).)))))).,CCUUCUGUCCCCUG,...))))).)).)),OOOAGACAOGGOAC,2
1372,hsa-mir-1236,GUGAGUGACAGGGGAAAUGGGGAUGGACUGGAAGUGGGCAGCAUGGAGCUGACCUUCAUCAUGGCUUGGCCAACAUAAUGCCUCUUCCCCUUGUCUCUCCAG,(.(((.((((((((((..((..(((.....((.(.(((((((.....)))).))).).)).((((...)))).)))....))..)))))).)))).))))..,CAUAAUGCCUCUUC,)))....))..))),GUAOOOOGGOOAAG,2
1373,hsa-mir-140,UGUGUCUCUCUCUGUGUCCUGCCAGUGGUUUUACCCUAUGGUAGGUUACGUCAUGCUGUUCUACCACAGGGUAGAACCACGGACAGGAUACCGGGGCACC,.(((((((.....((((((((((.(((((((((((((.(((((((.((.((...)))).))))))).))))))))))))))).)))))))).))))))).,GCUGUUCUACCACA,)))).))))))).),UGAUOGGAUGGUOU,2
1374,hsa-mir-6741,AAUGGGUGGGUGCUGGUGGGAGCCGUGCCCUGGCCACUCAUUCGGCUCUCUCCCUCACCCUAG,...(((((((....((.((((((((......(....).....)))))))).)))))))))...,CACUCAUUCGGCUC,..).....)))))),OOGOOOOOGCCGAG,2
1375,hsa-mir-329-1,GGUACCUGAAGAGAGGUUUUCUGGGUUUCUGUUUCUUUAAUGAGGACGAAACACACCUGGUUAACCUCUUUUCCAGUAUC,(((((..(((((((((((..((((((...((((((.((......)).)))))).))))))..)))))))))))..))))),AGGACGAAACACAC,..)).)))))).)),OOUUOCUUUGUOUG,2
1376,hsa-mir-676,GCAUGACUCUUCAACCUCAGGACUUGCAGAAUUAAUGGAAUGCUGUCCUAAGGUUGUUGAGUUGUGC,(((((((((..((((((.(((((..(((............))).))))).))))))..))))))))),UGGAAUGCUGUCCU,.....))).))))),OOOOOACGOCAGGA,2
1377,hsa-mir-1238,GUGAGUGGGAGCCCCAGUGUGUGGUUGGGGCCAUGGCGGGUGGGCAGCCCAGCCUCUGAGCCUUCCUCGUCUGUCUGCCCCAG,.....((((.((..(((..((.((..(((((((.(((((((.....)))).)))..)).))))))).)).)))...)))))).,UCUGAGCCUUCCUC,..)).))))))).),OOACOCGGGGGGOG,2
1378,hsa-mir-885,CCGCACUCUCUCCAUUACACUACCCUGCCUCUUCUCCAUGAGAGGCAGCGGGGUGUAGUGGAUAGAGCACGGGU,(((..((((.(((((((((((.(((((((((((......))))))))).))))))))))))).))))..)))..,CCAUGAGAGGCAGC,....))))))))).,OOOOUUCUCCGUCO,2
1379,hsa-mir-4756,GGGAUAAAAUGCAGGGAGGCGCUCACUCUCUGCUGCCGAUUCUGCACCAGAGAUGGUUGCCUUCCUAUAUUUUGUGUC,((.((((((((.(((((((((.(((.((((((.(((.......))).))))))))).))))))))).)))))))).)),UUCUGCACCAGAGA,....))).)))))),OOOOCGUOGUCUCU,2
1380,hsa-mir-4687,ACCUGAGGAGCCAGCCCUCCUCCCGCACCCAAACUUGGAGCACUUGACCUUUGGCUGUUGGAGGGGGCAGGCUCGCGGGU,(((((..(((((.((((.(((((.(((.(((((..(.((....)).)..))))).))).))))))))).))))).))))),UGACCUUUGGCUGU,).)..))))).))),GOUOOAAACCOACG,2
1381,hsa-mir-539,AUACUUGAGGAGAAAUUAUCCUUGGUGUGUUCGCUUUAUUUAUGAUGAAUCAUACAAGGACAAUUUCUUUUUGAGUAU,(((((((((((((((((.((((((.(((((((((.........).)))).)))))))))).))))))))))))))))),AUGAUGAAUCAUAC,..).)))).))))),OOCOGCUUOGUGUG,2
1382,hsa-mir-6501,GGAGUUGCCAGGGCUGCCUUUGGUGACAGCAGCAGUAGAGUUGCCAGAGCAGCCUGCGGUAACAGUA,...((((((.(((((((.(((((((((.((....))...))))))))))))))))..))))))....,AGAGUUGCCAGAGC,...))))))))))),OOOCAGUGGUUUCG,2
1383,hsa-mir-181c,CGGAAAAUUUGCCAAGGGUUUGGGGGAACAUUCAACCUGUCGGUGAGUUUGGGCAGCUCAGGCAAACCAUCGACCGUUGAGUGGACCCUGAGGCCUGGAAUUGCCAUCCU,.(((.......(((..(((((.((((..((((((((..(((((((.(((((...........)))))))))))).))))))))..)))).))))))))........))).,UCAGGCAAACCAUC,.....))))))))),OOOOOGUUUGGUGG,2
1384,hsa-mir-3144,AACUACACUUUAAGGGGACCAAAGAGAUAUAUAGAUAUCAGCUACCUAUAUACCUGUUCGGUCUCUUUAAAGUGUAGUU,((((((((((((((((((((.((.((.(((((((...........))))))).)).)).)))))))))))))))))))),GCUACCUAUAUACC,.....))))))).),OOOOOGAUAUAUOG,2
1385,hsa-mir-3150a,GGGAAGCAGGCCAACCUCGACGAUCUCCUCAGCACCUGAACGCCAAGGCUGGGGAGAUCCUCGAGGUUGGCCUGCUUUCC,((((((((((((((((((((.((((((((((((.(.((.....)).))))))))))))).)))))))))))))))))))),GCCAAGGCUGGGGA,..)).))))))))),OOGUOCCGACUCCU,2
1386,hsa-mir-6508,UUCCUCUAGAAAUGCAUGACCCACCCUGAGUUUUGGUGGGCCAUGCAUUUCUAGAACUCC,....((((((((((((((.((((((.........)))))).)))))))))))))).....,GUUUUGGUGGGCCA,.....)))))).)),OOOOOCCACCCOGU,2
1387,hsa-mir-4728,GUGGGAGGGGAGAGGCAGCAAGCACACAGGGCCUGGGACUAGCAUGCUGACCUCCCUCCUGCCCCAG,(.((((((((.(((((((((.((...(((...)))......)).))))).)))).))))).))))..,GGACUAGCAUGCUG,......)).))))),OOOOOOCGOACGAC,2
1388,hsa-mir-6874,GCCACAUGGAGCUGGAACCAGAUCAGGCUUUAAUGUUUGAAGUAAUGUCAGUUCUGCUGUUCUGACUCUAG,......(((((.((((((((((((((((......))))))............))))..)))))).))))).,GUAAUGUCAGUUCU,...........))),OOOOOOOOOOOAGA,2
1389,hsa-mir-7106,GCUUCUGGGAGGAGGGGAUCUUGGGAGUGAUCCCAACAGCUGAGCUCCCUGAAUCCCUGUCCCAG,....((((((..(((((.((..((((((...............)))))).)).))))).)))))),ACAGCUGAGCUCCC,........)))))),OOOOOOOOUGAGGG,2
1390,hsa-mir-3150b,GAGGGAAAGCAGGCCAACCUCGAGGAUCUCCCCAGCCUUGGCGUUCAGGUGCUGAGGAGAUCGUCGAGGUUGGCCUGCUUCCCCUC,(((((.(((((((((((((((((.(((((((.((((((((.....)))).)))).))))))).))))))))))))))))).))))),CAGGUGCUGAGGAG,)))).)))).)))),GUUCOCGACOCCUC,2
1391,hsa-mir-30b,ACCAAGUUUCAGUUCAUGUAAACAUCCUACACUCAGCUGUAAUACAUGGAUUGGCUGGGAGGUGGAUGUUUACUUCAGCUGACUUGGA,.(((((..((((((...((((((((((.((.((((((((............))))))))..))))))))))))...))))))))))).,GGAUUGGCUGGGAG,....))))))))..,OOOOGUCGACUCOO,2
1392,hsa-mir-4764,UCUUCCCCAUGGAUGUGGAAGGAGUUAUCUGUCACCAGUCAGAUAACUGUCACCAGUCAGUUAACUCCUUUCACACCCAUGGGGAAGA,((((((((((((.((((((((((((((.(((.(....(.(((....))).)....).))).)))))))))))))).)))))))))))),CAGUCAGUUAACUC,..).))).)))))),OOCOGUCOAUUGAG,2
1393,hsa-mir-3667,UGAGGAUGAAAGACCCAUUGAGGAGAAGGUUCUGCUGGCUGAGAACCUUCCUCUCCAUGGGUCUUUCAUCCUCA,((((((((((((((((((.((((.(((((((((........))))))))).)))).)))))))))))))))))),GCUGAGAACCUUCC,....))))))))).,OOOOUCUUGGAAGO,2
1394,hsa-mir-708,AACUGCCCUCAAGGAGCUUACAAUCUAGCUGGGGGUAAAUGACUUGCACAUGAACACAACUAGACUGUGAGCUUCUAGAGGGCAGGGA,..((((((((.(((((((((((.(((((.((...((..(((.......)))..)).)).))))).))))))))))).))))))))...,AUGAACACAACUAG,))..)).)).)))),UAOOUGOGUOGAUC,2
1395,hsa-mir-6829,CAGCGUGGGCUGCUGAGAAGGGGCAGGGUCCUCCAGCUCAUUCCUCCUGCCUCCUCCGUGGCCUCAG,......(((((((.(((..(((((((((................)))))))))))).)))))))...,UUCCUCCUGCCUCC,....)))))))))),OOOOGGGACGGGGG,2
1396,hsa-mir-498,AACCCUCCUUGGGAAGUGAAGCUCAGGCUGUGAUUUCAAGCCAGGGGGCGUUUUUCUAUAACUGGAUGAAAAGCACCUCCAGAGCUUGAAGCUCACAGUUUGAGAGCAAUCGUCUAAGGAAGUU,.....((((((((........(((((((((((((((((((((.(((((.(((((((...........))))))).))))).).)))))))).))))))))))))........))))))))....,UGGAUGAAAAGCAC,.....))))))).),OOOOOCUUUUUGOG,2
1397,hsa-mir-548bb,UUAGAUUGGUGCAAAAGUAACUAUGGUUUUUGCCCAAAAACCAUAGUUACUUUUGCACCAAGCUAA,.(((.((((((((((((((((((((((((((....)))))))))))))))))))))))))).))).,UUUUGCCCAAAAAC,((((....)))))),AAAAOOOOUUUUUG,2
1398,hsa-mir-3136,AAUAUGAAACUGACUGAAUAGGUAGGGUCAUUUUUCUGUGACUGCACAUGGCCCAACCUAUUCAGUUAGUUCCAUAUU,((((((.((((((((((((((((.((((((......((((....)))))))))).)))))))))))))))).)))))),CUGCACAUGGCCCA,...)))))))))).,OOOGUGUACUGGGO,2
1399,hsa-mir-4762,CUGAUACCCCAAAUCUUGAUCAGAAGCCUUGAUCAGAAGCUAGGAAGGCUUCUGAUCAAGAUUUGUGGUGUCAAG,.(((((((.(((((((((((((((((((((..............))))))))))))))))))))).)))))))..,AGGAAGGCUUCUGA,...))))))))))),OOOUUCCGAAGACU,2
1400,hsa-mir-16-1,GUCAGCAGUGCCUUAGCAGCACGUAAAUAUUGGCGUUAAGAUUCUAAAAUUAUCUCCAGUAUUAACUGUGCUGCUGAAGUAAGGUUGAC,((((((..(((.((((((((((((.((((((((.(.(((..........))).).)))))))).)).)))))))))).)))..)))))),AUUAUCUCCAGUAU,.))).).))))))),OAAUOGOGGUUAUA,2
1401,hsa-mir-216a,GAUGGCUGUGAGUUGGCUUAAUCUCAGCUGGCAACUGUGAGAUGUUCAUACAAUCCCUCACAGUGGUCUCUGGGAUUAUGCUAAACAGAGCAAUUUCCUAGCCCUCACGA,((.(((((.((((((((.(((((((((..(((.((((((((.(((....)))....)))))))).))).))))))))).)))))..........))).))))).))....,CAAUCCCUCACAGU,))....)))))))),GUOOOOGAGUGUCA,2
1402,hsa-mir-1910,UGUCCCUUCAGCCAGUCCUGUGCCUGCCGCCUUUGUGCUGUCCUUGGAGGGAGGCAGAAGCAGGAUGACAAUGAGGGCAA,((.((((.((....(((((((..(((((.(((((............))))).)))))..))))))).....)))))))).,UUGGAGGGAGGCAG,...))))).))))),OOOUUUCCOCCGUC,2
1403,hsa-mir-3934,CACAGCCCUUCCUGUCCCCAGUUUUCAGGUGUGGAAACUGAGGCAGGAGGCAGUGAAGUAACUUGCUCAGGUUGCACAGCUGGGAAGUGGAGCAGGGAUUUGAAUCC,........(((((((..(((.(((((((.((((.(..(((((.((((..((......))..)))))))))..).)))).))))))).))).))))))).........,AGUAACUUGCUCAG,.))..))))))))),OCGOOGGACGAGUC,2
1404,hsa-mir-876,UGAAGUGCUGUGGAUUUCUUUGUGAAUCACCAUAUCUAAGCUAAUGUGGUGGUGGUUUACAAAGUAAUUCAUAGUGCUUCA,((((((((((((((((.((((((((((((((((..(.........)..)))))))))))))))).)))))))))))))))),AAUGUGGUGGUGGU,...)..)))))))),OOOCOOUACCACUA,2
1405,hsa-mir-106a,CCUUGGCCAUGUAAAAGUGCUUACAGUGCAGGUAGCUUUUUGAGAUCUACUGCAAUGUAAGCACUUCUUACAUUACCAUGG,((.(((..(((((((((((((((((.(((((.(((.(((...))).)))))))).))))))))))).))))))..))).)),AGAUCUACUGCAAU,))).)))))))).),UUUOGAUGACGUOA,2
1406,hsa-mir-6865,AUCCAUAGGUGGCAGAGGAGGGACUUCAGAUGCUUCAUGACACCCUCUUUCCCUACCGCCUACAG,.....(((((((.(((((((((...(((((....)).)))..)))))))...)).)))))))...,CUUCAUGACACCCU,..)).)))..)))),OOAGOACUOOGGGA,2
1407,hsa-mir-501,GCUCUUCCUCUCUAAUCCUUUGUCCCUGGGUGAGAGUGCUUUCUGAAUGCAAUGCACCCGGGCAAGGAUUCUGAGAGGGUGAGC,((((.(((((((.(((((((.(.(((.(((((....(((.........)))...))))))))))))))))..))))))).)))),UGAAUGCAAUGCAC,.....)))...))),OOOOOCGUOOOGUG,2
1408,hsa-mir-6881,UGCACUGGGGUAAGGAUAGGAGGGUCAGGUCUGCAGCCUUGUAUCUGCUGAUCCUCUUUCGUCCUUCCCACUCCAG,....((((((((((((((((((((((((...((((....))))....)))))))))))..))))))...))))))),UCUGCUGAUCCUCU,....)))))))))),OOOOGACUGGGAGG,2
1409,hsa-mir-30e,GGGCAGUCUUUGCUACUGUAAACAUCCUUGACUGGAAGCUGUAAGGUGUUCAGAGGAGCUUUCAGUCGGAUGUUUACAGCGGCAGGCUGCCA,.((((((((..(((.((((((((((((..(((((((((((.(...(....)...).))))))))))))))))))))))).))))))))))).,AGAGGAGCUUUCAG,...).))))))))),OOOUOUCGAAGGUC,2
1410,hsa-mir-1245b,UUUAUAUGUAGGCCUUUAGAUCACUUAAAGAGUAUUCAACAUCAGAUGAUCUAAAGGCCUAUACAUAAA,.((((.(((((((((((((((((((....((((.....)).)))).))))))))))))))))).)))).,UUCAACAUCAGAUG,....)).)))).)),OOOOUGOAGUCOAC,2
1411,hsa-mir-758,GCCUGGAUACAUGAGAUGGUUGACCAGAGAGCACACGCUUUAUUUGUGCCGUUUGUGACCUGGUCCACUAACCCUCAGUAUCUAAUGC,...(((((((.((((.((((.((((((.(.(((.((((.........).))).)))..))))))).))))...)))))))))))....,UGUGCCGUUUGUGA,...).))).)))..,OOOCOGCAOACGOO,2
1412,hsa-mir-486-2,UCCUGUACUGAGCUGCCCCGAGCUGGGCAGCAUGAAGGGCCUCGGGGCAGCUCAGUACAGGAUG,((((((((((((((((((((((((...((...))...)).))))))))))))))))))))))..,AGGGCCUCGGGGCA,..)).))))))))),OOUCOGAGCCCCGU,2
1413,hsa-mir-1207,GCAGGGCUGGCAGGGAGGCUGGGAGGGGCUGGCUGGGUCUGGUAGUGGGCAUCAGCUGGCCCUCAUUUCUUAAGACAGCACUUCUGU,(((((((((...((((((.((...(((((((((((((((((....))))).))))))))))))))))))))....))))...))))),GUGGGCAUCAGCUG,.))))).))))))),OGUCUGOGGUCGGU,2
1414,hsa-mir-6753,CACCAGGGCAGAGCAGGGCUGAUCAUCUCACGUCAGAGAGAGGGGAAGGGGCUGCCCAGUGAGCCCCCACAGGGCUCUACAUCUCCAGCUGGGCCUGGCUGGAGAUCCCAGGGUCCCUGAAGGCCCCCGCCACCGUUCUGGUCUGUCUCUGCCCUGGCACCCAG,..(((((((((((((((.(((((........)))))((((.((((..((((((((((.((((((((.....)))))).))((((((((((......))))))))))....)))).......))))))..)).)).))))..)))).))))))))))).......,ACCGUUCUGGUCUG,.)).))))..)))),OGGOGAGAOOGGAC,2
1415,hsa-mir-651,AAUCUAUCACUGCUUUUUAGGAUAAGCUUGACUUUUGUUCAAAUAAAAAUGCAAAAGGAAAGUGUAUCCUAAAAGGCAAUGACAGUUUAAUGUGUUU,...((.(((.((((((((((((((.((((..(((((((............)))))))..)))).)))))))))))))).))).))............,AAAUGCAAAAGGAA,....)))))))..),OOOOUGUUUUCOOU,2
1416,hsa-mir-7109,GUCUCCUGGGGGGAGGAGACCCUGCUCUCCCUGGCAGCAAGCCUCUCCUGCCCUUCCAGAUUAGC,.....(((((((.((((((..(((((((....)).))).))..)))))).)))..))))......,CUGGCAGCAAGCCU,..)).))).))..),OOUCOUCGOUCOOA,2
1417,hsa-mir-1233-1,GUGAGUGGGAGGCCAGGGCACGGCAGGGGGAGCUGCAGGGCUAUGGGAGGGGCCCCAGCGUCUGAGCCCUGUCCUCCCGCAG,....((((((((.((((((........(((.((((..(((((........))))))))).)))..)))))).))))))))..,CAGCGUCUGAGCCC,)))).)))..)))),GUCGOGGGOOCGGG,2
1418,hsa-mir-4524a,GAACGAUAGCAGCAUGAACCUGUCUCACUGCAGAAUUAUUUUGAGACAGGCUUAUGCUGCUAUCCUUCA,(((.(((((((((((((.(((((((((..............))))))))).))))))))))))).))).,AUUAUUUUGAGACA,.......))))))),OOOOOOOACUCUGU,2
1419,hsa-mir-6871,CUCCUCAUGGGAGUUCGGGGUGGUUGCUGGAGGUCAGCACCCUGUGGCUCCCACAG,.......(((((((((((((((.(.(((...))).).))))))).))))))))...,UGGAGGUCAGCACC,(...))).).)))),GOOOUCGOUOGUGG,2
1420,hsa-mir-3679,CGUGGUGAGGAUAUGGCAGGGAAGGGGAGUUUCCCUCUAUUCCCUUCCCCCCAGUAAUCUUCAUCAUG,((((((((((((.(((..((((((((((...........)))))))))).)))...)))))))))))),CUAUUCCCUUCCCC,...)))))))))).,OOOAGGGGAAGGGO,2
1421,hsa-mir-593,CCCCCAGAAUCUGUCAGGCACCAGCCAGGCAUUGCUCAGCCCGUUUCCCUCUGGGGGAGCAAGGAGUGGUGCUGGGUUUGUCUCUGCUGGGGUUUCUCCU,.((((((.......((((.((.((((.((((((((((.....(((((((....)))))))...)))))))))).)))).)).))))))))))........,CUGGGUUUGUCUCU,)).)))).)).))),GGOCCGAOCAOGGA,2
1422,hsa-mir-3940,GCUUAUCGAGGAAAAGAUCGAGGUGGGUUGGGGCGGGCUCUGGGGAUUUGGUCUCACAGCCCGGAUCCCAGCCCACUUACCUUGGUUACUCUCCUUCCUUCU,.......(((((...((((((((((((((((((((((((.(((((......))))).))))))..)))))))))....)))))))))....)))))......,GGUCUCACAGCCCG,..))))).)))))),OOGGGGUOUCGGGC,2
1423,hsa-mir-6832,GGUGGAGUAGAGAGGAAAAGUUAGGGUCAGUGGCAGAGCCAGGCAGAUGCUGACCCUUUUUCUCUUUCCCAG,..(((.(.((((((((((....((((((((((((...)))........))))))))))))))))))))))).,GAUGCUGACCCUUU,...))))))))))),OOOUGACUGGGAAA,2
1424,hsa-mir-889,GUGCUUAAAGAAUGGCUGUCCGUAGUAUGGUCUCUAUAUUUAUGAUGAUUAAUAUCGGACAACCAUUGUUUUAGUAUCC,(((((.(((.(((((.((((((..((.(((((((.........)).)))))))..)))))).))))).))).)))))..,AUGAUGAUUAAUAU,..)).)))))))..,OOCUOCUGGUUGOO,2
1425,hsa-mir-374c,ACACGGACAAUGAUAAUACAACCUGCUAAGUGCUAGGACACUUAGCAGGUUGUAUUAUAUCCAUCCGAGU,...((((.....((((((((((((((((((((......)))))))))))))))))))).....))))...,GCUAGGACACUUAG,(......))))))),COOOOOOGUGAAUC,2
1426,hsa-mir-128-1,UGAGCUGUUGGAUUCGGGGCCGUAGCACUGUCUGAGAGGUUUACAUUUCUCACAGUGAACCGGUCUCUUUUUCAGCUGCUUC,.((((.((((((...(((((((...((((((..(((((((....)))))))))))))...)))))))...)))))).)))).,ACAUUUCUCACAGU,..)))))))))))),OOUGGAGAGUGUCA,2
1427,hsa-mir-31,GGAGAGGAGGCAAGAUGCUGGCAUAGCUGUUGAACUGGGAACCUGCUAUGCCAACAUAUUGCCAUCUUUCC,(((((((.(((((.(((.(((((((((.(((........)))..))))))))).))).))))).))))))),GGGAACCUGCUAUG,...)))..)))))),OOOUUGOOCGAUAC,2
1428,hsa-mir-6839,UGUAGUCUGGAUUGAAGAGACGACCCAAGCAGGCUUUGUGUGAGCAGUGAGGCUAUUUAUUCACUUGGGUGCGAGCUCACACGAAGCCUGCUUGGGUUUUCUCUUCAAUCCAG,......((((((((((((((.((((((((((((((((((((((((((((((........)))))).........)))))))))))))))))))))))).)))))))))))))),AGCCUGCUUGGGUU,)))))))))))))),UCGGACGAACCCAG,2
1429,hsa-mir-33a,CUGUGGUGCAUUGUAGUUGCAUUGCAUGUUCUGGUGGUACCCAUGCAAUGUUUCCACAGUGCAUCACAG,((((((((((((((.(..((((((((((....(((...)))))))))))))..).)))))))))))))),ACCCAUGCAAUGUU,))))))))))))).,UGGGUACGUUACGO,2
1430,hsa-mir-29b-2,CUUCUGGAAGCUGGUUUCACAUGGUGGCUUAGAUUUUUCCAUCUUUGUAUCUAGCACCAUUUGAAAUCAGUGUUUUAGGAG,(((((((((((((((((((.((((((.((.((((..............)))))))))))).)))))))))).))))))))),UUGUAUCUAGCACC,....)))))))))),OOOOUAGAUCGUGG,2
1431,hsa-mir-486-1,GCAUCCUGUACUGAGCUGCCCCGAGGCCCUUCAUGCUGCCCAGCUCGGGGCAGCUCAGUACAGGAUAC,..(((((((((((((((((((((((..................)))))))))))))))))))))))..,CCCAGCUCGGGGCA,.....))))))))),OOOOOGAGCCCCGU,2
1432,hsa-mir-34b,GUGCUCGGUUUGUAGGCAGUGUCAUUAGCUGAUUGUACUGUGGUGGUUACAAUCACUAACUCCACUGCCAUCAAAACAAGGCAC,(((((..((((...(((((((...((((.((((((((((.....)).))))))))))))...)))))))....))))..))))),GUGGUUACAAUCAC,..)).))))))))),OOUCOAUGUUAGUG,2
1433,hsa-mir-3689a,CCUGGGAGGUGUGAUAUCAUGGUUCCUGGGAGGUGUGAUCCUGUGCUUCCUGGGAGGUGUGAUAUCGUGGUUCCUGGG,((((((((.((((((((((((.(((((((((((((........))))))))))))).)))))))))))).)))))))),GUGCUUCCUGGGAG,.))))))))))))),OGUGGAGGGUCCUU,2
1434,hsa-mir-181a-1,UGAGUUUUGAGGUUGCUUCAGUGAACAUUCAACGCUGUCGGUGAGUUUGGAAUUAAAAUCAAAACCAUCGACCGUUGAUUGUACCCUAUGGCUAACCAUCAUCUACUCCA,.((((..((((((((((..((.(.(((.((((((..(((((((.((((.((.......)).))))))))))))))))).))).).))..))).)))).)))...))))..,AAUCAAAACCAUCG,..)).))))))))),OOAGOUUUGGUGGC,2
1435,hsa-mir-4685,UAGCCCAGGGCUUGGAGUGGGGCAAGGUUGUUGGUGAUAUGGCUUCCUCUCCCUUCCUGCCCUGGCUAG,(((((.(((((..(((..((((..(((..((((......))))..)))..))))))).)))))))))).,GGCUUCCUCUCCCU,)))..)))..)))),UUGOOGGAOOGGGG,2
1436,hsa-mir-224,GGGCUUUCAAGUCACUAGUGGUUCCGUUUAGUAGAUGAUUGUGCAUUGUUUCAAAAUGGUGCCCUAGUGACUACAAAGCCC,(((((((..(((((((((.(((.((((((.(.(((((((.....)))))))).)))))).))))))))))))..))))))),UUGUUUCAAAAUGG,))))))).)))))),AGUAGAGOUUUGCC,2
1437,hsa-mir-6836,GGCUCCGCAGGGCCCUGGCGCAGGCAUCCAGACAGCGGGCGAAUGCCUCCCCCGGCCCCGCAG,......((.(((((..((.(.((((((((........))...)))))))))..))))).))..,CGGGCGAAUGCCUC,..))...))))))),OOCCOOOUACGGAG,2
1438,hsa-mir-377,UUGAGCAGAGGUUGCCCUUGGUGAAUUCGCUUUAUUUAUGUUGAAUCACACAAAGGCAACUUUUGUUUG,..((((((((((((((.(((((((.(((((.........).)))))))).))).)))))))))))))).,AUGUUGAAUCACAC,..).)))))))).),OOCOGCUUAGUGOG,2
1439,hsa-mir-505,GAUGCACCCAGUGGGGGAGCCAGGAAGUAUUGAUGUUUCUGCCAGUUUAGCGUCAACACUUGCUGGUUUCCUCUCUGGAGCAUC,(((((..((((.(((((((((((.((((.((((((((...........)))))))).)))).))))))))))).)))).))))),AGUUUAGCGUCAAC,.....)))))))).,OOOOOUUGUAGUUO,2
1440,hsa-mir-137,GGUCCUCUGACUCUCUUCGGUGACGGGUAUUCUUGGGUGGAUAAUACGGAUUACGUUGUUAUUGCUUAAGAAUACGCGUAGUCGAGGAGAGUACCAGCGGCA,.(.((.((((((((((((((..(((.(((((((((((((.((((((((.....)).))))))))))))))))))).)))..)))))))))))..))).))).,UACGUUGUUAUUGC,..)).))))))))),OOGCOAUAAUAGUG,2
1441,hsa-mir-6783,CCUGUUAGGGGAAAAGUCCUGAUCCGGGAACCCACAGCCCCGUUCCUGGGCUUCUCCUCUGUAG,.....(((((((.((((((.((..((((..........)))).))..)))))).)))))))...,AGCCCCGUUCCUGG,...)))).))..)),OOOGGGCOAGOOCC,2
1442,hsa-mir-219b,GGAGCUCAGCCACAGAUGUCCAGCCACAAUUCUCGGUUGGCCGCAGACUCGUACAAGAAUUGCGUUUGGACAAUCAGUGGCGAAGCCC,((.(((..(((((.(((((((((.(.((((((((((((.......))).))....))))))).).)))))).))).)))))..))))),UCGUACAAGAAUUG,.))....))))))),OGCOOOOUCUUAAC,2
1443,hsa-mir-3200,GGUGGUCGAGGGAAUCUGAGAAGGCGCACAAGGUUUGUGUCCAAUACAGUCCACACCUUGCGCUACUCAGGUCUGCUCGUGCCCU,((.(((((((.(.(((((((..((((((..((((((((((...)))))).....)))))))))).))))))).).)))).))))),CAGUCCACACCUUG,))).....)))))),GUUOOOOOUGGAAC,2
1444,hsa-mir-100,CCUGUUGCCACAAACCCGUAGAUCCGAACUUGUGGUAUUAGUCCGCACAAGCUUGUAUCUAUAGGUAUGUGUCUGUUAGG,((((....((((.(((.((((((.(((.((((((...........)))))).))).)))))).))).)))).....)))),GUCCGCACAAGCUU,.....)))))).)),OOOOOGUGUUCOAG,2
1445,hsa-mir-4743,GCUGGCCGGAUGGGACAGGAGGCAUGAAUGAGCCAUCUUUCCAAUGCCUUUCUGUCUUUUCUGGUCCAG,.(((((((((.(((((((((((((((((.((....)).)))..))))).))))))))).))))).)))),CAAUGCCUUUCUGU,..))))).)))))),OOUACGGOAGGACA,2
1446,hsa-mir-181b-2,CUGAUGGCUGCACUCAACAUUCAUUGCUGUCGGUGGGUUUGAGUCUGAAUCAACUCACUGAUCAAUGAAUGCAAACUGCGGACCAAACA,....((((((((.....(((((((((..(((((((((((.((.......)))))))))))))))))))))).....))))).)))....,GAAUCAACUCACUG,...))))))))))),OOOAGUUGGGUGGC,2
1447,hsa-mir-4769,GAGGAGAGGUGGGAUGGAGAGAAGGUAUGAGCUAAAAAUCCCCAAGCUCUGCCAUCCUCCCUCCCCUACUUCUCCCC,..((((((((((((.((((.((.((((.(((((...........))))))))).)))))).))))..))))))))..,CCCAAGCUCUGCCA,....))))))))).,OOOOUCGAGAUGGO,2
1448,hsa-mir-98,AGGAUUCUGCUCAUGCCAGGGUGAGGUAGUAAGUUGUAUUGUUGUGGGGUAGGGAUAUUAGGCCCCAAUUAGAAGAUAACUAUACAACUUACUACUUUCCCUGGUGUGUGGCAUAUUCA,.((((..((((((((((((((.(((((((((((((((((.((((((((((...........)))))).........)))).))))))))))))))))))))))))))).)))).)))).,AAGAUAACUAUACA,....)))).))))),OOOOGUUGOUAUGU,2
1449,hsa-mir-370,AGACAGAGAAGCCAGGUCACGUCUCUGCAGUUACACAGCUCACGAGUGCCUGCUGGGGUGGAACCUGGUCUGUCU,((((((....(((((((..((((((.((((...(((.........))).)))).))))))..))))))))))))),CACGAGUGCCUGCU,.....))).)))).,OOOOOCACOGACGO,2
1450,hsa-mir-125b-1,UGCGCUCCUCUCAGUCCCUGAGACCCUAACUUGUGAUGUUUACCGUUUAAAUCCACGGGUUAGGCUCUUGGGAGCUGCGAGUCGUGCU,.((((..(((.((((.(((((((.(((((((((((..(((((.....))))).))))))))))).))))))).)))).)))..)))).,UAAAUCCACGGGUU,))))).)))))))),AUUUGOGUGUUCAA,2
1451,hsa-mir-4731,CCCUGCCAGUGCUGGGGGCCACAUGAGUGUGCAGUCAUCCACACACAAGUGGCCCCCAACACUGGCAGGG,(((((((((((.((((((((((.((.(((((........))))).)).)))))))))).))))))))))),UCAUCCACACACAA,.....))))).)).,OOOOOGUGUGOGUO,2
1452,hsa-mir-190b,UGCUUCUGUGUGAUAUGUUUGAUAUUGGGUUGUUUAAUUAGGAACCAACUAAAUGUCAAACAUAUUCUUACAGCAGCAG,((((.(((((.(((((((((((((((.((((((((......))).))))).)))))))))))))))..))))).)))).,GGAACCAACUAAAU,.))).))))).))),OUUUOGUUGGOUUA,2
1453,hsa-mir-516b-1,UCUCAGGCUGUGACCAUCUGGAGGUAAGAAGCACUUUCUGUUUUGUGAAAGAAAAGAAAGUGCUUCCUUUCAGAGGGUUACUCUUUGAGA,(((((((..((((((.((((((((...((((((((((((.((((.....)))).)))))))))))))))))))).))))))..))))))),AAGAAAGUGCUUCC,.))))))))))))),OUCUUUCACGAAGG,2
1454,hsa-mir-342,GAAACUGGGCUCAAGGUGAGGGGUGCUAUCUGUGAUUGAGGGACAUGGUUAAUGGAAUUGUCUCACACAGAAAUCGCACCCGUCACCUUGGCCUACUUA,.....(((((.((((((((.((((((..((((((..(((((.((((.....)))....).)))))))))))....)))))).)))))))))))))....,GGAAUUGUCUCACA,)....).))))))),COOOOAOGGAGUGU,2
1455,hsa-mir-3925,GUGGGAAUAGCAAGAGAACUGAAAGUGGAGCCUGUCACAUCUCCAGACUCCAGUUUUAGUUCUCUUGCUAUUUCCAC,((((((((((((((((((((((((.(((((.(((.........))).))))).)))))))))))))))))))))))),UCUCCAGACUCCAG,....))).))))).,OOOOGUCOGAGGUO,2
1456,hsa-mir-3151,GGGGUGAUGGGUGGGGCAAUGGGAUCAGGUGCCUCAAAGGGCAUCCCACCUGAUCCCACAGCCCACCUGUCACCCC,(((((((((((((((.(..(((((((((((((((....)))).....)))))))))))..)))))))))))))))),CAUCCCACCUGAUC,).....)))))))),GOOOOOUGGACUAG,2
1457,hsa-mir-4795,UGAUAUGGAAGAAAUCCAGAAGUGGCUAAUAAUAUUGACACUAUAACAAUAAUGUCAAUAUUAUUAGCCACUUCUGGAUUUAUGAAUCA,...........(((((((((((((((((((((((((((((.(((....))).)))))))))))))))))))))))))))))........,AAUGUCAAUAUUAU,).)))))))))))),UOACAGUUAUAAUA,2
1458,hsa-mir-6767,UGAAAUCGCAGACAGGGACACAUGGAGAACGCCCCCACCAGUUCCCACGUGCUUCUCUUUCCGCAG,.......((.((.((((((((.(((.((((..........))))))).)))..))))).)).))..,CCAGUUCCCACGUG,...))))))).))),OOOCAAGGGUOCAC,2
1459,hsa-mir-122,CCUUAGCAGAGCUGUGGAGUGUGACAAUGGUGUUUGUGUCUAAACUAUCAAACGCCAUUAUCACACUAAAUAGCUACUGCUAGGC,.((((((((((((((..(((((((.(((((((((((............))))))))))).)))))))..)))))).)))))))).,ACUAUCAAACGCCA,.....))))))))),OOOOOGUUUGUGGU,2
1460,hsa-let-7b,CGGGGUGAGGUAGUAGGUUGUGUGGUUUCAGGGCAGUGAUGUUGCCCCUCGGAAGAUAACUAUACAACCUACUGCCUUCCCUG,(((((.(((((((((((((((((((((((.((((((.....))))))...))).....))))))))))))))))))))))))),AAGAUAACUAUACA,).....)))))))),UOOOOOUGGUGUGU,2
1461,hsa-mir-200b,CCAGCUCGGGCAGCCGUGGCCAUCUUACUGGGCAGCAUUGGAUGGAGUCAGGUCUCUAAUACUGCCUGGUAAUGAUGACGGCGGAGCCCUGCACG,...((..((((..((((.(.(((((((((((((((.((((((..((......)))))))).))))))))))).)))).).)))).)))).))...,AGGUCUCUAAUACU,...)))))))).)),OOOAGAGGUUAOGA,2
1462,hsa-mir-6795,AGGGUUGGGGGGACAGGAUGAGAGGCUGUCUUCAUUCCCUCUUGACCACCCCUCGUUUCUUCCCCCAG,.....((((((((..(((((((.((..(((.............)))..)).))))))).)))))))).,CUUGACCACCCCUC,...)))..)).))),OOOCUGOOGGOGAG,2
1463,hsa-mir-129-2,UGCCCUUCGCGAAUCUUUUUGCGGUCUGGGCUUGCUGUACAUAACUCAAUAGCCGGAAGCCCUUACCCCAAAAAGCAUUUGCGGAGGGCG,.((((((((((((((((((((.(((..(((((((((((..........)))))...))))))..))).))))))).))))))))))))).,UAGCCGGAAGCCCU,))))...)))))).,GUCGOOOUUCGGGO,2
1464,hsa-mir-199a-2,AGGAAGCUUCUGGAGAUCCUGCUCCGUCGCCCCAGUGUUCAGACUACCUGUUCAGGACAAUGCCGUUGUACAGUAGUCUGCACAUUGGUUAGACUGGGCAAGGGAGAGCA,.....(((.((.....((((((((.(((...(((((((.((((((((.(((.((((......))..)).))))))))))).)))))))...))).)))).))))))))).,CCGUUGUACAGUAG,))..)).))))))),GGOOACOUGUCAUC,2
1465,hsa-mir-6749,GGCCCUCGGGCCUGGGGUUGGGGGAGCUCUGUCCUGUCUCACUCAUUGCUCCUCCCCUGCCUGGCCCAG,.......(((((.((.(..((((((((..((............))..))))))))..).)).)))))..,CUCAUUGCUCCUCC,..))..)))))))),OOGUOOCGAGGGGG,2
1466,hsa-mir-216b,GCAGACUGGAAAAUCUCUGCAGGCAAAUGUGAUGUCACUGAGGAAAUCACACACUUACCCGUAGAGAUUCUACAGUCUGACA,.(((((((...(((((((((.((.((.((((((.((......)).))))))...)).)).)))))))))...)))))))...,GGAAAUCACACACU,.)).))))))...),OCUOUAGUGUOOOA,2
1467,hsa-mir-5011,AGAUGGUAUUGAGUGGAUGCUGUUAUAUAUACAGCCAUGCACUCUGUAGUUUGGGUACACAGUGCAUGGCUGUAUAUAUAACACUAUCCAUUCAUCUUUCAGC,.((.((...((((((((((.(((((((((((((((((((((((.((((.......)))).))))))))))))))))))))))).)))))))))).)).))...,GUACACAGUGCAUG,.)))).)))))))),OAUGUOUCACGUAC,2
1468,hsa-mir-892c,GGCAGUGCCCUAUUCAGAAAGGUGCCAGUCACUUAGAUUACAUGUCACUGUUUCCUUUCUGAGUGGAGUAGGGCUUA,(((..(((.(((((((((((((...((((.((...........)).))))...))))))))))))).)))..)))..,UACAUGUCACUGUU,.....)).))))..,OOOOOCAOUGACOO,2
1469,hsa-mir-4684,GCACCAGGGGUACCUCUCUACUGACUUGCAACAUACAUUUGUCUUGGUGUGUUGCAAGUCGGUGGAGACGUACCCUUGGUGC,(((((((((((((.((((((((((((((((((((((..........)))))))))))))))))))))).))))))))))))),CUUGGUGUGUUGCA,....)))))))))),OOOOCAUACAACGU,2
1470,hsa-mir-518a-2,UCUCAAGCUGUGGGUCUGCAAAGGGAAGCCCUUUCUGUUGUCUAAAAGAAGAGAAAGCGCUUCCCUUUGCUGGAUUACGGUUUGAGA,(((((((((((((.(((((((((((((((.((((((.((.(.....).)).)))))).)))))))))))).)))))))))))))))),AAGAAGAGAAAGCG,.).)).)))))).),OUOUUOUCUUUCOC,2
1471,hsa-let-7a-2,AGGUUGAGGUAGUAGGUUGUAUAGUUUAGAAUUACAUCAAGGGAGAUAACUGUACAGCCUCCUAGCUUUCCU,(((..(((.(((.(((((((((((((.........(((......)))))))))))))))).))).))).))),GAGAUAACUGUACA,..)))))))))))),OOCUAUUGAUAUGU,2
1472,hsa-mir-124-1,AGGCCUCUCUCUCCGUGUUCACAGCGGACCUUGAUUUAAAUGUCCAUACAAUUAAGGCACGCGGUGAAUGCCAAGAAUGGGGCUG,.((((((..(((..((((((((.(((..((((((((.............))))))))..))).))))))))..)))..)))))).,AUACAAUUAAGGCA,....))))))))..,OOOOUUAGUUCCOO,2
1473,hsa-mir-589,UCCAGCCUGUGCCCAGCAGCCCCUGAGAACCACGUCUGCUCUGAGCUGGGUACUGCCUGUUCAGAACAAAUGCCGGUUCCCAGACGCUGCCAGCUGGCC,.(((((.((......(((((..(((.(((((.(((.((.(((((((.((......)).))))))).)).)))..))))).)))..))))))))))))..,UGCCUGUUCAGAAC,..)).))))))).),OOGGOCGAGUCUOG,2
1474,hsa-mir-2682,ACCUUCCUGAAAGAGGUUGGGGCAGGCAGUGACUGUUCAGACGUCCAAUCUCUUUGGGACGCCUCUUCAGCGCUGUCUUCCCUGCCUCUGCCUUUAGGACGAGUCUCAAA,..(.(((((((((((((.((((.((((((((.(((...((.(((((..........))))).))...))))))))))))))).))))))...))))))).).........,UUUGGGACGCCUCU,....))))).))..,OOOOCCUGCOGAOO,2
1475,hsa-mir-3682,UAAGUUAUAUAUGUCUACUUCUACCUGUGUUAUCAUAAUAAAGGUGUCAUGAUGAUACAGGUGGAGGUAGAAAUAUAUAACUUA,((((((((((((.(((((((((((((((((((((((.(((....))).))))))))))))))))))))))).)))))))))))),GGUGUCAUGAUGAU,..))).)))))))),OOAUAOUACUAUUG,2
1476,hsa-mir-4725,GUGUCUCUCUGGAGACCCUGCAGCCUUCCCACCCACCAGGGAGCUUUCCAUGGGCUGUGGGGAAGGCGUCAGUGUCGGGUGAGGGAACAC,(((((((((....(((.(((..((((((((((...(((.(((....))).)))...)).))))))))..))).)))....))))).)))),UGGGCUGUGGGGAA,)))...)).))))),ACCOOOCAOCCCUU,2
1477,hsa-mir-369,UUGAAGGGAGAUCGACCGUGUUAUAUUCGCUUUAUUGACUUCGAAUAAUACAUGGUUGAUCUUUUCUCAG,.(((.((((((((((((((((..((((((............))))))..)))))))))))))))).))).,GACUUCGAAUAAUA,.....))))))..),OOOOOGCUUAUOOU,2
1478,hsa-mir-6786,GCCGGGUGGGGCGGGGCGGCCUCAGGAGGGGCCCAGCUCCCCUGGAUGUGCUGCGGUGGGGCCGGAGGGGCGUCACGUGCACCCAAGUGACGCCCCUUCUGAUUCUGCCUCAG,.(((((.(((((.((((..(((....))).)))).)))))))))).....(((.((((((((.(((((((((((((.((....)).))))))))))))).).))))))).))),ACCCAAGUGACGCC,...)).)))))))),OOOGUOCACUGCGG,2
1479,hsa-mir-519d,UCCCAUGCUGUGACCCUCCAAAGGGAAGCGCUUUCUGUUUGUUUUCUCUUAAACAAAGUGCCUCCCUUUAGAGUGUUACCGUUUGGGA,(((((.((.(((((.(((.(((((((.((((((..((((((........)))))))))))).))))))).))).))))).)).))))),UCUUAAACAAAGUG,...))))))))))),OOOGUUUGUUUCGC,2
1480,hsa-mir-548ah,AGGUUGGUGCAAAAGUGAUUGCAGUGUUUGCCAAUAAAAGUAAUGACAAAAACUGCAGUUACUUUUGCACCAGCCC,.((((((((((((((((((((((((.((((.((.((....)).)).)))).)))))))))))))))))))))))).,GUAAUGACAAAAAC,.)).)).)))).)),OAUOACOGUUUOUG,2
1481,hsa-mir-5588,ACUGGCAUUAGUGGGACUUUUUUUUUUUUUUUUUUUAAUGUUAAAAGUCCCACUAAUGCCAGC,.((((((((((((((((((((.....................)))))))))))))))))))).,AUGUUAAAAGUCCC,.....))))))))),OOOOOUUUUCAGGG,2
1482,hsa-mir-130a,UGCUGCUGGCCAGAGCUCUUUUCACAUUGUGCUACUGUCUGCACCUGUCACUAGCAGUGCAAUGUUAAAAGGGCAUUGGCCGUGUAGUG,.((((((((((((.((((((((.((((((((((.(((...((....))...))).)))))))))).)))))))).))))))).))))).,UCACUAGCAGUGCA,)...))).)))))),GOOOGUCOUCGUGU,2
1483,hsa-mir-4799,ACUGCUAAUAUCUAAAUGCAGCAUGCCAGUCCUGAGAUGCAGGGACUGGCAUGCUGCAUUUAUAUAUUAGCAGU,(((((((((((.(((((((((((((((((((((........))))))))))))))))))))).))))))))))),UGCAGGGACUGGCA,....)))))))))),OOOOUCCUGACCGU,2
1484,hsa-mir-494,GAUACUCGAAGGAGAGGUUGUCCGUGUUGUCUUCUCUUUAUUUAUGAUGAAACAUACACGGGAAACCUCUUUUUUAGUAUC,((((((.((((((((((((.((((((((((.(((((.........)).)))))).))))))).)))))))))))))))))),UUUAUGAUGAAACA,.....)).)))))),OOOOOCUOCUUUGU,2
1485,hsa-mir-6834,GUGAGGGACUGGGAUUUGUGGGGCGAGGAGGGACCUGUACUAGCCAUGGUUCUGAUCACAUAUGUCCCAUCCCUCCAUCAG,(.((((((.((((((.((((....((...((((((............))))))..)).)))).))))))))))))).....,GAUCACAUAUGUCC,..)).)))).)))),OOAGOGUGUOUAGG,2
1486,hsa-mir-6513,GCUUUGGGAUUGACGCCACAUGUCUCAGGUCCCCAGCUGAGUCAAGUGUCAUCUGUCCCUAGGC,((((.(((((.((.(.(((.((.(((((........))))).)).))).).)).))))).)))),AGCUGAGUCAAGUG,..))))).)).))),OOGACUCOGUOCAC,2
1487,hsa-mir-6835,UGAUGAGGGGGUAGAAAGUGGCUGAAGCGAGAUGUUUGUCUAAAAGCACUUUUCUGUCUCCCAG,......((((((((((((((.((......((((....))))...))))).)))))).)))))..,UUUGUCUAAAAGCA,...))))...)))),OOOUAGAOOOUCGU,2
1488,hsa-mir-6715b,GGUUGUGCCCACAGGCACGACUGGUUUGGCAAUUCAGUAAAAAUGCUCAAACCGGCUGUGCCUGUGGACGCAGCCCA,(((((((.(((((((((((.(((((((((((.((......)).))).)))))))).))))))))))).)))))))..,AAAAAUGCUCAAAC,..)).))).))))),OOUUOACGOGUUUG,2
1489,hsa-mir-2115,ACUGUCAUCCCACUGCUUCCAGCUUCCAUGACUCCUGAUGGAGGAAUCACAUGAAUUCAUCAGAAUUCAUGGAGGCUAGAAGCAGUAUGAGGAUCAUUUA,......(((((((((((((.(((((((((((...((((((((.............))))))))...))))))))))).))))))))..).))))......,AUGAAUUCAUCAGA,.....)))))))).,OOOOOAGGUAGUCO,2
1490,hsa-mir-4691,GGAGCACUCCCAGGUCCUCCAGGCCAUGAGCUGCGGCCCUGAUGUCUCUACUCCAGCCACGGACUGAGAGUGCAUAGGAGUGUCC,(((.((((((...((.((((((.((.((.((((.((....((....))..)).)))))).)).))).))).))...))))))))),CUCUACUCCAGCCA,.))..)).)))))),OAGOOGGOGUCGGU,2
1491,hsa-mir-3129,GUACUUGGGCAGUAGUGUAGAGAUUGGUUUGCCUGUUAAUGAAUUCAAACUAAUCUCUACACUGCUGCCCAAGAGC,...((((((((((((((((((((((((((((..(........)..))))))))))))))))))))))))))))...,UGAAUUCAAACUAA,...)..)))))))),OOOUOOGUUUGGUU,2
1492,hsa-mir-6768,CCAGGCACACAGGAAAAGCGGGGCCCUGGGUUCGGCUGCUACCCCAAAGGCCACAUUCUCCUGUGCACACAG,.......(((((((.((....((((.((((...(....)...))))..))))...)).))))))).......,GCUACCCCAAAGGC,.)...))))..))),OGOOOGGGUOOCCG,2
1493,hsa-mir-3192,GGAAGGGAUUCUGGGAGGUUGUAGCAGUGGAAAAAGUUCUUUUCUUCCUCUGAUCGCCCUCUCAGCUCUUUCCUUCU,((((((((..((((((((.((...(((.((((.(((....))).)))).)))..)).))))))))....)))))))),UUUCUUCCUCUGAU,))).)))).)))..,GAAOAAGGOGACOO,2
1494,hsa-mir-5571,AUCUGACACAAAAUGUGAACCAAGCAAUUCUCAAAGGAGCCUCCCAGGAAAUUCACUUUAGGAAGUCCUAGGAGGCUCCUCUGAGAGUUGCUAAAACAAAACAUUGAGAGUCC,....(((.(..(((((......(((((((((((.((((((((((.((((..(((......)))..)))).)))))))))).)))))))))))........)))))..).))).,UUAGGAAGUCCUAG,...)))..)))).),OOOCUUOOAGGAOC,2
1495,hsa-mir-5585,UGAAGUACCAGCUACUCGAGAGGUCAGAGGAUUGCUCCUGAAUAGCUGGGACUACAGGU,((.(((.(((((((.(((.((((((....)))..))).))).))))))).))).))...,AUUGCUCCUGAAUA,))..))).))).)),UGOOGAGOGCUOAU,2
1496,hsa-mir-548ao,AACUAUUCUUAGGUUGAUGCAGAAGUAACUACGGUUUUUGCAGUUGAAAGUAAUGGCAAAGACCGUGACUACUUUUGCAACAGCCUAAUAGUUUCU,((((((...(((((((.((((((((((..((((((((((((.((((....)))).))))))))))))..)))))))))).)))))))))))))...,UAAUGGCAAAGACC,)))).))))))))),GUUGOCGUUUUUGG,2
1497,hsa-mir-4712,GACAGGAUUCCAGUACAGGUCUCUCAUUUCCUUCAUGAUUAGGAAUACUACUUUGAAAUGAGAGACCUGUACUGUAUCUGUU,((((((....((((((((((((((((((((......((.(((.....))).)).))))))))))))))))))))..)))))),ACUUUGAAAUGAGA,).)).))))))))),UOAGOCUUUACUCU,2
1498,hsa-mir-4661,UUUACUCUGAACUAGCUCUGUGGAUCCUGACAGACAGCCUGAUAGACAGGAUCCACAGAGCUAGUCCAGAGUAAA,.((((((((.(((((((((((((((((((.(((.....))).....))))))))))))))))))).)))))))).,UGAUAGACAGGAUC,)).....))))))),ACOOOOOGUCCUAG,2
1499,hsa-mir-4757,UUCCAGCCCGAGGCCUCUGUGACGUCACGGUGUCUGCGGGAGGAGACCAUGACGUCACAGAGGCUUCGCGCUCUGAG,....(((.(((((((((((((((((((.(((.(((......))).))).))))))))))))))))))).))).....,AGGAGACCAUGACG,.))).))).))))),OUCUOUGGOACUGC,2
1500,hsa-mir-4677,GCAAAGCAGCAAUUGUUCUUUGGUCUUUCAGCCAUGACCUGACCUUCUGUCUGUGAGACCAAAGAACUACUUUGCUUGGC,((.((((((.....(((((((((((((.(((.((.((........)))).))).)))))))))))))....)))))).)),CCUUCUGUCUGUGA,...)))).))).)),OOOAGACOGACOUU,2
1501,hsa-mir-513c,GCGUACAGUGCCUUUCUCAAGGAGGUGUCGUUUAUGUGAACUAAAAUAUAAAUUUCACCUUUCUGAGAAGAGUAAUGUACAGCA,(((((((.(((.(((((((.(((((((..((((((((........))))))))..))))))).))))))).))).))))).)).,UAAAAUAUAAAUUU,....))))))))..,OOOOUGUAUUUGOO,2
1502,hsa-mir-6732,AGGCCUAGGGGGUGGCAGGCUGGCCAUCAGUGUGGGCUAACCCUGUCCUCUCCCUCCCAG,.((...((((((.((((((.(((((.........)))))..)))).)).)))))).))..,UGUGGGCUAACCCU,....)))))..))),OOOOCCGGUOOGGA,2
1503,hsa-mir-671,GCAGGUGAACUGGCAGGCCAGGAAGAGGAGGAAGCCCUGGAGGGGCUGGAGGUGAUGGAUGUUUUCCUCCGGUUCUCAGGGCUCCACCUCUUUCGGGCCGUAGAGCCAGGGCUGGUGC,(((...(..(((((.((((.((((((((.(((.((((((..(((((((((((.((.......)).)))))))))))))))))))).)))))))).)))).....)))))..)...))),GUUUUCCUCCGGUU,..)).))))))))),OOAGOGGAGGUCGG,2
1504,hsa-mir-3059,AGGUGGUACACCCUUUCCUCUCUGCCCCAUAGGGUGUAGCUCUAACUACCCUCUAGGGAAGAGAAGGUUGGGUGAACAGCCU,((((.((.(((((...(((((((..(((.(((((.((((......)))).)))))))).)))).)))..))))).)).)))),UAACUACCCUCUAG,...)))).)))))),OOOGAUGOGGGAUC,2
1505,hsa-mir-3156-2,UGCAGAAGAAAGAUCUGGAAGUGGGAGACACUUUCACUAUAUAUAGUGGCUCCCACUUCCAGAUCUUUCUCUCUGUA,(((((((((((((((((((((((((((.((((............)))).))))))))))))))))))))).)))))),AUAGUGGCUCCCAC,..)))).))))))),OOUCACOGAGGGUG,2
1506,hsa-mir-181a-2,AGAAGGGCUAUCAGGCCAGCCUUCAGAGGACUCCAAGGAACAUUCAACGCUGUCGGUGAGUUUGGGAUUUGAAAAAACCACUGACCGUUGACUGUACCUUGGGGUCCUUA,.((((((((....)))...))))).(((((((((((((.(((.((((((..(((((((.((((...........))))))))))))))))).))).))))))))))))).,UGAAAAAACCACUG,.....))))))))),OOOOOUUUGGUGGC,2
1507,hsa-mir-6821,GUGCGUGGUGGCUCGAGGCGGGGGUGGGGGCCUCGCCCUGCUUGGGCCCUCCCUGACCUCUCCGCUCCGCACAG,(((((.(((((...(((((((((...(((((((.((...))..)))))))))))).)))).))))).)))))..,CCCUCCCUGACCUC,))))))))).)))),GGGGGGGGCOGGAG,2
1508,hsa-mir-516a-2,UCUCAGGUUGUGACCUUCUCGAGGAAAGAAGCACUUUCUGUUGUCUGAAAGAAAAGAAAGUGCUUCCUUUCAGAGGGUUACGGUUUGAGA,(((((((((((((((((((.((((...((((((((((((....(((...)))..)))))))))))))))).))))))))))))))))))),AAGAAAGUGCUUCC,.))))))))))))),OUCUUUCACGAAGG,2
1509,hsa-mir-6824,GAGGUGUAGGGGAGGUUGGGCCAGGGAUGCCUUCACUGUGUCUCUCUGGUCUUGCCACCCCAG,........((((.(((.((((((((((.(((......).)).)))))))))).))).))))..,CUGUGUCUCUCUGG,..).)).))))))),OOCOCGOAGGGACC,2
1510,hsa-mir-1180,GCUGCUGGACCCACCCGGCCGGGAAUAGUGCUCCUGGUUGUUUCCGGCUCGCGUGGGUGUGUCGGCGGC,((((((((((((((.(((((((((((((..(....).))))))))))).)).))))))...)))))))),CUGGUUGUUUCCGG,..).)))))))))),OOCOGAUAAGGGCC,2
1511,hsa-mir-30c-2,AGAUACUGUAAACAUCCUACACUCUCAGCUGUGGAAAGUAAGAAAGCUGGGAGAAGGCUGUUUACUCUUUCU,(((....(((((((.(((...(((((((((..............))))))))).))).)))))))....))),AAGAAAGCUGGGAG,.....))))))))),OOOOOUCGACUCUC,2
1512,hsa-mir-204,GGCUACAGUCUUUCUUCAUGUGACUCGUGGACUUCCCUUUGUCAUCCUAUGCCUGAGAAUAUAUGAAGGAGGCUGGGAAGGCAAAGGGACGUUCAAUUGUCAUCACUGGC,.....((((..........(((((...(((((.((((((((((.(((((.((((...............))))))))).)))))))))).)))))...))))).))))..,GAAGGAGGCUGGGA,.....))))))))),OOOOOUCCGAUCCU,2
1513,hsa-mir-185,AGGGGGCGAGGGAUUGGAGAGAAAGGCAGUUCCUGAUGGUCCCCUCCCCAGGGGCUGGCUUUCCUCUGGUCCUUCCCUCCCA,.(((((.((((((((((((.(((((.(((((((((..((......)).))))))))).))))))))))))))))).))))).,CCUCCCCAGGGGCU,...)).)))))))),OOOGGOGUCCUUGA,2
1514,hsa-mir-6511a-4,CCUGCAGGCAGAAGUGGGGCUGACAGGGCAGAGGGUUGCGCCCCCUCACCAUCCCUUCUGCCUGCAG,.(((((((((((((.((((.(((..((((..........))))..)))))..))))))))))))))),UGCGCCCCCUCACC,...))))..))))),OOOCGGGOOAGUGG,2
1515,hsa-mir-135a-1,AGGCCUCGCUGUUCUCUAUGGCUUUUUAUUCCUAUGUGAUUCUACUGCUCACUCAUAUAGGGAUUGGAGCCGUGGCGCACGGCGGGGACA,...(((((((((.(.((((((((((..((((((((((((.............)))))))))))).)))))))))).).)))))))))...,UCACUCAUAUAGGG,....)))))))))),OOOOAGUGUAUCCU,2
1516,hsa-mir-5589,GGCUGGGUGCUCUUGUGCAGUGAGCAACCUACACAACUGCACAUGGCAACCUAGCUCCCA,(((((((((((..((((((((..............)))))))).))).))))))))....,ACACAACUGCACAU,.....)))))))).,OOOOOUGACGUGUO,2
1517,hsa-mir-6756,ACCCUAGGGUGGGGCUGGAGGUGGGGCUGAGGCUGAGUCUUCCUCCCCUUCCUCCCUGCCCAG,......((((((((..(((((.((((..(((((...)))))..))))))))).))))))))..,GUCUUCCUCCCCUU,)))))..))))))),CGGAGOOGGGGGGA,2
1518,hsa-mir-7153,UGAGAACUGACAAAUGUGGUAGGUGGUCGAAGUCAUCCACACCAUGGACGGUUUACC,...((((((.....((((((..((((..(....)..))))))))))..))))))...,UCAUCCACACCAUG,.)..)))))))))),OGOOGGUGUGGUGU,2
1519,hsa-mir-3928,GCUGAAGCUCUAAGGUUCCGCCUGCGGGCAGGAAGCGGAGGAACCUUGGAGCUUCGGC,(((((((((((((((((((..((((.........)))).))))))))))))))))))),AGGAAGCGGAGGAA,.....)))).)))),OOOOOCGUCOCCUU,2
1520,hsa-mir-9-2,GGAAGCGAGUUGUUAUCUUUGGUUAUCUAGCUGUAUGAGUGUAUUGGUCUUCAUAAAGCUAGAUAACCGAAAGUAAAAACUCCUUCA,.((((.(((((.((((.(((((((((((((((.((((((.(.......))))))).))))))))))))))).)))).))))))))).,GGUCUUCAUAAAGC,...))))))).))),OOOGGAGUAUOUCG,2
1521,hsa-mir-32,GGAGAUAUUGCACAUUACUAAGUUGCAUGUUGUCACGGCCUCAAUGCAAUUUAGUGUGUGUGAUAUUUUC,(((((((((((((((.(((((((((((((..((....))..).))))))))))))))))))))))))))),CUCAAUGCAAUUUA,..).)))))))))),OOGOUACGUUGAAU,2
1522,hsa-mir-183,CCGCAGAGUGUGACUCCUGUUCUGUGUAUGGCACUGGUAGAAUUCACUGUGAACAGUCUCAGUCAGUGAAUUACCGAAGGGCCAUAAACAGAGCAGAGACAGAUCCACGA,.((..((.(.((.(((.((((((((.((((((.((((((..(((((((((((......)))..))))))))))))..)).)))))).))))))))))).)).)))..)).,UCAGUCAGUGAAUU,)))..))))))))),AGUOOGUCACUUAA,2
1523,hsa-mir-4639,UUGCUAAGUAGGCUGAGAUUGAUGUCAGGUUAUCCCCAAGCAUAACCUCACUCUCACCUUGCUUUGCAG,.(((.(((((((.(((((.(((.....((((((........))))))))).))))).))))))).))).,CAUAACCUCACUCU,.))))))))).))),OUAUUGGAGUOAGA,2
1524,hsa-mir-6809,AAUGUUGGCAAGGAAAGAAGAGGAUCAUGUUUGCCCCCGUGGACAGCUCUCUGGUGUGCUCCUCCUGCCAUCCUGCCCACCCCUGCAUAAUGCUGCUUCUCUUCUCUCCUUCCCAG,.....(((.(((((.(((((((((.(((((((((....((((.(((......((((.((.......))))))))).))))....))).)))).)).))))))))).))))).))).,AAUGCUGCUUCUCU,)))).)).)))))),UUGUOACOAGGAGA,2
1525,hsa-mir-514b,CAUGUGGUACUCUUCUCAAGAGGGAGGCAAUCAUGUGUAAUUAGAUAUGAUUGACACCUCUGUGAGUGGAGUAACACAUG,((((((.((((((.(((((((((....(((((((((........)))))))))...))))).)))).)))))).)))))),AGAUAUGAUUGACA,..)))))))))...,OOUGUACUAACOOO,2
1526,hsa-mir-6830,GUGCCCCAAGGAAGGAGGCUGGACAUCCCUCAUCUGUUUCUCACUGGUGUCUUUCUUCUCUCCCUUGCAG,......(((((.((((((..(((((((..................)))))))..)))).)).)))))...,UCACUGGUGUCUUU,.....)))))))..,OOOOOCUACAGGOO,2
1527,hsa-mir-548a-3,CCUAGAAUGUUAUUAGGUCGGUGCAAAAGUAAUUGCGAGUUUUACCAUUACUUUCAAUGGCAAAACUGGCAAUUACUUUUGCACCAACGUAAUACUU,..........(((((.((.(((((((((((((((((.((((((.(((((......))))).)))))).))))))))))))))))).)).)))))...,UCAAUGGCAAAACU,..))))).)))))),OOUUACCOUUUUGA,2
1528,hsa-mir-6853,GGGAAAGCGUGGGAUGUCCAUGAAGUCAGGUGAUGGUGAUAAGGUCAAGGCCUGUUCAUUGGAACCCUGCGCAG,......(((((((...((((((((..(((((..(((........)))..))))))))).))))..)))))))..,CAAGGCCUGUUCAU,))..))))))))).,GUOOUGGACAAGUO,2
1529,hsa-mir-182,GAGCUGCUUGCCUCCCCCCGUUUUUGGCAAUGGUAGAACUCACACUGGUGAGGUAACAGGAUCCGGUGGUUCUAGACUUGCCAACUAUGGGGCGAGGACUCAGCCGGCAC,..((((((.(((((.((((((..(((((((...((((((...((((((..............))))))))))))...)))))))..)))))).)))).)..)).))))..,GAUCCGGUGGUUCU,...))))))))))),OOOGGUCACCAAGA,2
1530,hsa-mir-659,UACCGACCCUCGAUUUGGUUCAGGACCUUCCCUGAACCAAGGAAGAGUCACAGUCUCUUCCUUGGUUCAGGGAGGGUCCCCAACAAUGUCCUCAUGG,...........(((...(((..(((((((((((((((((((((((((.......)))))))))))))))))))))))))..)))...))).......,UCUCUUCCUUGGUU,.))))))))))))),OGAGAAGGAACCAA,2
1531,hsa-mir-6797,CAGCCAGGAGGGAAGGGGCUGAGAACAGGACCUGUGCUCACUGGGGCCUGCAUGACCCUUCCCUCCCCACAG,......(((((((((((..((....((((.(((..........)))))))))...)))))))))))......,UGGGGCCUGCAUGA,..)))))))))...,OOUCCGGACGUOOO,2
1532,hsa-mir-338,UCUCCAACAAUAUCCUGGUGCUGAGUGAUGACUCAGGCGACUCCAGCAUCAGUGAUUUUGUUGAAGA,(((.((((((.(((((((((((((((.............))).))))))))).))).)))))).))),AGGCGACUCCAGCA,.....))).))))),OOOOOUGAOGUCGU,2
1533,hsa-mir-550b-2,AGAGACUCGCUGGAGAUGUGCCUGAGGGAGUAAGACACUAUCUGACAACAACAGGGCUCUUACUCCCUCAGGCACUGCACCAGCCAGCAAAGCAUCA,.....((.(((((....((((((((((((((((((.....((((.......))))..))))))))))))))))))....))))).))..........,ACAGGGCUCUUACU,.))))..))))))),OGUCUOOAGAAUGA,2
1534,hsa-mir-6801,UGGCCUGGUCAGAGGCAGCAGGAAAUGAGAGUUAGCCAGGAGCUUUGCAUACUCACCCCUGCCACUCACUGGCCCCCAG,(((...((((((.((..(((((...((((.((.(((.....)))..))...))))..)))))..))..)))))).))).,CAUACUCACCCCUG,)...))))..)))),GOOOGAGUOOGGAC,2
1535,hsa-mir-33b,GCGGGCGGCCCCGCGGUGCAUUGCUGUUGCAUUGCACGUGUGUGAGGCGGGUGCAGUGCCUCGGCAGUGCAGCCCGGAGCCGGCCCCUGGCACCAC,(((((((((.(((.((((((((((((..(((((((((.(((.....))).)))))))))..)))))))))).))))).))).))))...)).....,GCGGGUGCAGUGCC,))).))))))))).,UGUOCACGUUACGO,2
1536,hsa-mir-26a-2,GGCUGUGGCUGGAUUCAAGUAAUCCAGGAUAGGCUGUUUCCAUCUGUGAGGCCUAUUCUUGAUUACUUGUUUCUGGAGGCAGCU,((((((..(((((..(((((((((.((((((((((..............)))))))))).)))))))))..)))))..)))))),UGUGAGGCCUAUUC,.....))))))))),OOOOOUCGGAUAGG,2
1537,hsa-mir-5000,CUGAAGAGUAGAGUGUGUGGUCCCAGUUCAGAAGUGUUCCUGAGUAACUUGUGCUUAUAACUCAGGACACUUCUGAACUUGGACCAUACAGGUCUCCCUGCUU,.....((((((((((((((((((.(((((((((((((.(((((((..............)))))))))))))))))))).))))))))))...)))..))))),UUAUAACUCAGGAC,.....))))))))),OOOOOUGAGUCCUG,2
1538,hsa-mir-585,UGGGGUGUCUGUGCUAUGGCAGCCCUAGCACACAGAUACGCCCAGAGAAAGCCUGAACGUUGGGCGUAUCUGUAUGCUAGGGCUGCUGUAACAA,...........((.((((((((((((((((.((((((((((((((.(..........).)))))))))))))).)))))))))))))))).)).,UGAACGUUGGGCGU,....).)))))))),OOOOGOGACCCGCA,2
1539,hsa-mir-6775,GAACCUCGGGGCAUGGGGGAGGGAGGCUGGACAGGAGAGGGCUCACCCAGGCCCUGUCCUCUGCCCCAG,.......((((((.((((.((((...((((....(((....)))..)))).)))).)))).))))))..,CUCACCCAGGCCCU,)))..)))).)))),GAGOOGGUCOGGGA,2
1540,hsa-mir-4529,AUGACAGGCCAUCAGCAGUCCAAUGAAGACAUGAAGACCCAAUGUCUUCAUUGGACUGCUGAUGGCCCGUCACUGGGA,.((((.((((((((((((((((((((((((((.........)))))))))))))))))))))))))).))))......,UGUCUUCAUUGGAC,)))))))))))))),ACAGAAGUAACCUG,2
1541,hsa-let-7f-1,UCAGAGUGAGGUAGUAGAUUGUAUAGUUGUGGGGUAGUGAUUUUACCCUGUUCAGGAGAUAACUAUACAAUCUAUUGCCUUCCCUGA,((((.(.((((((((((((((((((((((((((((((.....))))))).........))))))))))))))))))))))).))))),GAGAUAACUAUACA,...))))))))))),OOOUGUUGAUAUGU,2
1542,hsa-mir-548f-1,AUUAGGUUGGUGCAAAAGUAAUCACAGUUUUUGACAUUACUUUCAAAGACAAAAACUGUAAUUACUUUUGGACCAACCUAAUAG,(((((((((((.((((((((((.((((((((((................)))))))))).)))))))))).)))))))))))..,CAAAGACAAAAACU,......)))))))),OOOOOOGUUUUUGA,2
1543,hsa-mir-3160-1,GGACCUGCCCUGGGCUUUCUAGUCUCAGCUCUCCUCCAGCUCAGCUGGUCAGGAGAGCUGAGACUAGAAAGCCCAGGGCAGGUUC,((((((((((((((((((((((((((((((((((((((((...)))))..))))))))))))))))))))))))))))))))))),GGUCAGGAGAGCUG,))..)))))))))),CCOOUCCUCUCGAC,2
1544,hsa-mir-6776,CGGGCUCUGGGUGCAGUGGGGGUUCCCACGCCGCGGCAACCACCACUGUCUCUCCCCAG,.(((....(((.(((((((.((((.((.......)).)))).))))))))))..)))..,GCCGCGGCAACCAC,.....)).)))).),OOOOOCCOUUGGOG,2
1545,hsa-mir-3680-2,AAAUUUAAGGAGGGACUCACUCACAGGAUUGUGCAAAUGCAAAGUUGGCUUUUGCAUGACCCUGGGAGUAGGUGCCUCCUUAAAUUU,(((((((((((((.(((.((((.((((.(((((((((.((.......)).))))))))).)))).)))).))).))))))))))))),AGUUGGCUUUUGCA,.....)).)))))),OOOOOCGOAAACGU,2
1546,hsa-mir-301b,GCCGCAGGUGCUCUGACGAGGUUGCACUACUGUGCUCUGAGAAGCAGUGCAAUGAUAUUGUCAAAGCAUCUGGGACCA,.((.((((((((.((((((.((((((((.((...........)).))))))))....)))))).))))))))))....,UGAGAAGCAGUGCA,.....)).)))))),OOOOOUCOUCACGU,2
1547,hsa-mir-548ad,CUGUUAGGUUGGUGCAAAAGUAAUUGUGGUUUUUGAAAGUAACUUGGCGAAAACGACAAUGACUUUUGCACCAAUCUAAUAC,.((((((((((((((((((((.(((((.(((((((.(((...)))..))))))).))))).)))))))))))))))))))).,ACUUGGCGAAAACG,.)))..))))))).,OGAAOOGUUUUUGO,2
1548,hsa-mir-6773,GGGAGUUGGGCCCAGGAGUAAACAGGAUUAGUGCUUAUGCUAAGAUGUCUUCACUGUCACUUCUCUGCCCAUAG,......(((((..((((((..((((((......((((...))))......)).)))).))))))..)))))...,UGUCUUCACUGUCA,.....)).)))).),OOOOOAGOGACAOU,2
1549,hsa-mir-6774,UGUGCACUUGGGCAGGAGGGACCCUGUAUGUCUCCCCGCAGCACCGUCAUCGUGUCCCUCUUGUCCACAG,........((((((((((((((..((.(((.(.............).))))).))))))))))))))...,ACCGUCAUCGUGUC,...).))))).))),OOOCOGUAGUOCAG,2
1550,hsa-mir-4774,UAUAUUGUUGUCUGGUAUGUAGUAGGUAAUAACUGACAAACAGACAAUUGCCUAACAUGUGCCAGAAAACAACAUA,....(((((.((((((((((..((((((((..(((.....)))...))))))))..)))))))))).)))))....,ACAGACAAUUGCCU,.)))...))))))),OGUCOOOUAAUGGA,2
1551,hsa-mir-6761,UCUGCUCUGAGAGAGCUCGAUGGCAGGUGCCUCCGUGUUGCCGAACCCUCCUACGCUGCUCUCUCACUCCAG,.(((...(((((((((.((..((.(((.(..((.((...)).)).))))))..))..)))))))))...))),CGAACCCUCCUACG,.)).))))))..)),OCUOGGGAGGOOGC,2
1552,hsa-mir-5587,AUGGUCACCUCCGGGACUCAGCCCUGUGCUGAGCCCCGGGCAGUGUGAUCAUC,(((((((((((((((.((((((.....)))))).)))))..)).)))))))).,GUGCUGAGCCCCGG,..)))))).))))),OOCGACUCOGGGCC,2
1553,hsa-mir-515-1,UCUCAUGCAGUCAUUCUCCAAAAGAAAGCACUUUCUGUUGUCUGAAAGCAGAGUGCCUUCUUUUGGAGCGUUACUGUUUGAGA,(((((.(((((.((.(((((((((((.((((..((((((.......)))))))))).))))))))))).)).))))).))))),GAAAGCAGAGUGCC,...)))))))))).,OOOUUGUCUCACGO,2
1554,hsa-mir-141,CGGCCGGCCCUGGGUCCAUCUUCCAGUACAGUGUUGGAUGGUCUAAUUGUGAAGCUCCUAACACUGUCUGGUAAAGAUGGCUCCCGGGUGGGUUC,.((((.((((.(((.(((((((((((.(((((((((((...((.......))...))).))))))))))))..)))))))..))))))).)))).,AAGCUCCUAACACU,)...))).)))))),UOOOAGGOUUGUGA,2
1555,hsa-mir-548t,AGGGUGGUGCAAAAGUGAUCGUGGUUUUUGCAAUUUUUUAAUGACAAAAACCACAAUUACUUUUGCACCAACCU,(((.(((((((((((((((.((((((((((..(((....)))..)))))))))).))))))))))))))).))),UAAUGACAAAAACC,.)))..)))))))),OUUAOOGUUUUUGG,2
1556,hsa-mir-4536-2,AUGUGGUAGAUAUAUGCACGAUAUAGGUAUGUAUGUAUGUAUGUAUAAAAGCAGGGCAGUAUAUAUAUCGUGCAUAUAUCUACCACAU,(((((((((((((((((((((((((.((((...(((.(((.(......).)))..))))))).))))))))))))))))))))))))),AUAUAUAUCGUGCA,)).))))))))))),UGOAUAUAGCACGU,2
1557,hsa-mir-1537,ACAGCUGUAAUUAGUCAGUUUUCUGUCCUGUCCACACAGAAAACCGUCUAGUUACAGUUGU,((((((((((((((.(.(((((((((.........))))))))).).)))))))))))))),CACACAGAAAACCG,...))))))))).),OOOUGUCUUUUGOC,2
1558,hsa-mir-151a,UUUCCUGCCCUCGAGGAGCUCACAGUCUAGUAUGUCUCAUCCCCUACUAGACUGAAGCUCCUUGAGGACAGGGAUGGUCAUACUCACCUC,.((((((.((((((((((((..((((((((((.(........).)))))))))).)))))))))))).)))))).(((.......)))..,UCCCCUACUAGACU,...).))))))))),OOOGOAUGAUCUGA,2
1559,hsa-mir-223,CCUGGCCUCCUGCAGUGCCACGCUCCGUGUAUUUGACAAGCUGAGUUGGACACUCCAUGUGGUAGAGUGUCAGUUUGUCAAAUACCCCAAGUGCGGCACAUGCUUACCAG,.((((......((((((((.((((..(.((((((((((((((......(((((((.........))))))))))))))))))))).)..)))).))))).)))...)))),GGUAGAGUGUCAGU,....)))))))))),OOOOCUCACAGUCG,2
1560,hsa-mir-6826,CUUGGUCAAUAGGAAAGAGGUGGGACCUCCUGGCUUUUCCUCUGCAGCAUGGCUCGGACCUAGUGCAAUGUUUAAGCUCCCCUCUCUUUCCUGUUCAG,.......(((((((((((((.((((.......((((...(..((((....((......))...))))..)...)))))))).)))))))))))))...,GUUUAAGCUCCCCU,)...)))))))).),COOOUUCGAGGGOG,2
1561,hsa-mir-5583-2,AAACUAAUAUACCCAUAUUCUGAUGAUCACCUAGCCAGAAUAUGGGUAUAUUAGUUUGG,((((((((((((((((((((((.............))))))))))))))))))))))..,CUAGCCAGAAUAUG,.....))))))))),OOOOOGUCUUAUAC,2
1562,hsa-mir-6770-1,UAUCCUGAGAAGGCACAGCUUGCACGUGACCUCCUGGGCCUGGCGGCUGUGUCUUCACAG,....(((.((((((((((((.((.((.(.((....)).).)))))))))))))))).))),CCUGGGCCUGGCGG,...)).).)))))),OOOCCOGOGCCGUC,2
1563,hsa-mir-616,UUAGGUAAUUCCUCCACUCAAAACCCUUCAGUGACUUCCAUGACAUGAAAUAGGAAGUCAUUGGAGGGUUUGAGCAGAGGAAUGACCUGUUUUAAAA,.(((((.(((((((..((((((.((((((((((((((((((........)).))))))))))))))))))))))..))))))).)))))........,AAUAGGAAGUCAUU,.)).)))))))))),OUAOCCUUCAGUGA,2
1564,hsa-mir-518e,UCUCAGGCUGUGACCCUCUAGAGGGAAGCGCUUUCUGUUGGCUAAAAGAAAAGAAAGCGCUUCCCUUCAGAGUGUUAACGCUUUGAGA,((((((((..((((.((((.((((((((((((((((...............)))))))))))))))).)))).))))..)).)))))),AGAAAAGAAAGCGC,.....))))))))),OOOOOUCUUUCGCG,2
1565,hsa-mir-6794,GGGCGCAGGGGGACUGGGGGUGAGCAGGCCCAGAACCCAGCUCGUGCUCACUCUCAGUCCCUCCCUAG,(((....(((((((((((((((((((.(..(........)..).))))))))))))))))))))))..,GCUCGUGCUCACUC,)..).))))))))),COOGOACGAGUGGG,2
1566,hsa-mir-6879,CAGAGCAGGGCAGGGAAGGUGGGAGAGGGGCCCAGCUGACCCUCCUGUCACCCGCUCCUUGCCCAG,.......(((((((((.(((((.((((((..........)))).)).)))))...)))))))))..,ACCCUCCUGUCACC,.)))).)).))))),OGGGAOGAOGGUGG,2
1567,hsa-mir-5007,GGUAAACCUUGGUGACUAAUUAGAGUCUGGCUGAUAUGGUUUGACACAGAGCUAAAUCAUAUGAACCAAACUCUAAUUAGUCAAUAAUUUCUGUU,............((((((((((((((.(((.(.((((((((((.(.....).)))))))))).).))).))))))))))))))............,GAGCUAAAUCAUAU,..).)))))))))),OOCOGUUUGGUAUA,2
1568,hsa-mir-3688-2,UCACUUUAAAGAGUGGCAAAGUCUUUCCAUAUGUGUAACAGACAUACAUACAUACAUAUGGAAAGACUUUGCCACUCUUGAAAGUGA,(((((((.((((((((((((((((((((((((((((...............)))))))))))))))))))))))))))).))))))),ACAUACAUAUGGAA,..)))))))))))),OOUGUGUAUACCUU,2
1569,hsa-mir-6823,CAAGGUCAGGGUUGGUAGGGGUUGCUGUUGCUGUGAAAGCUGAGCCUCUCCUUCCCUCCAG,...((..((((..((.(((((((......(((.....)))..)))))))))..))))))..,UGAAAGCUGAGCCU,....)))..))))),OOOOUCGOOUUGGG,2
1570,hsa-mir-122b,CAGUAGCUAUUUAGUGUGAUAAUGGCGUUUGAUAGUUUAGACACAAACACCAUUGUCACACUCCACAGCUCUG,(((.((((....(((((((((((((.(((((...((....)).))))).)))))))))))))....))))))),UAGACACAAACACC,...)).))))).)),OOOUGOGUUUGOGG,2
1571,hsa-mir-6793,GUCACUGUGGGUUCUGGGUUGGGGUGAUACACAAGCCUGACCCUCCCCAACCCCUGCCCGCAG,....((((((((...(((((((((.(...((......))...).)))))))))..)))))))),CUGACCCUCCCCAA,.))...).)))))),OACOOOGOGGGGUU,2
1572,hsa-let-7i,CUGGCUGAGGUAGUAGUUUGUGCUGUUGGUCGGGUUGUGACAUUGCCCGCUGUGGAGAUAACUGCGCAAGCUACUGCCUUGCUA,.((((.(((((((((((((((((.(((((.(((((.........)))))))........))).))))))))))))))))))))),GAGAUAACUGCGCA,.....))).))))),OOOOOUUGOCGUGU,2
1573,hsa-mir-371a,GUGGCACUCAAACUGUGGGGGCACUUUCUGCUCUCUGGUGAAAGUGCCGCCAUCUUUUGAGUGUUAC,((((((((((((..((((.(((((((((.(((....)))))))))))).))))..)))))))))))),CUGGUGAAAGUGCC,..)))))))))))),OOUCGCUUUCACGG,2
1574,hsa-mir-376a-1,UAAAAGGUAGAUUCUCCUUCUAUGAGUACAUUAUUUAUGAUUAAUCAUAGAGGAAAAUCCACGUUUUC,.((((.((.((((.((((.((((((...(((.....))).....)))))))))).)))).)).)))).,AUGAUUAAUCAUAG,))).....)))))),UACOOOOOAGUAUC,2
1575,hsa-mir-619,CGCCCACCUCAGCCUCCCAAAAUGCUGGGAUUACAGGCAUGAGCCACUGCGGUCGACCAUGACCUGGACAUGUUUGUGCCCAGUACUGUCAGUUUGCAG,......................(((((((..((((((((((..(((....((((......))))))).)))))))))))))))))((((......)))),CGACCAUGACCUGG,(......))))))),GOOOOOOCUGGACC,2
1576,hsa-mir-6852,UGCUGCCCUGGGGUUCUGAGGACAUGCUCUGACUCCCCUGAUGUCCUCUGUUCCUCAGGUGCUGGG,....(((((((((..(.((((((((...............)))))))).)..))))))).))....,CCCCUGAUGUCCUC,......)))))))),OOOOOOUACAGGAG,2
1577,hsa-mir-5006,AACCAUUAGGGGGCUGUGGUUUGCCAGGGCAGGAGGUGGAAGGGAGCCCCAUUUACAGUGGUAACUUCCUUUCCCUUUCCAUCCUGGCAGGCUUCAGAGAACUUUACCAG,......(((((..(((.((((((((((((..(((((.(((((((((..(((((...)))))....))))))))))))))..)))))))))))).)))....)))))....,AACUUCCUUUCCCU,...))))))))))),OOOGAGGGAAGGGG,2
1578,hsa-mir-548ae-2,UGUGCAAAAGUAAUUGUGGUUUUUGUCAUUUAAAAGUAAUGGCAAAAACUGCAAUUACUUUCACACC,.(((..((((((((((((((((((((((((.......))))))))))))))))))))))))..))).,GUAAUGGCAAAAAC,..)))))))))))),OOUUACUGUUUUUG,2
1579,hsa-mir-597,UACUUACUCUACGUGUGUGUCACUCGAUGACCACUGUGAAGACAGUAAAAUGUACAGUGGUUCUCUUGUGGCUCAAGCGUAAUGUAGAGUACUGGUC,.(((((((((((((.((((((((..((.(((((((((....(((......)))))))))))).))..)))))....)))..))))))))))..))).,UGUACAGUGGUUCU,)))))))))))).),ACAUGUCACCAGOA,2
1580,hsa-mir-1914,CGUGUGAGCCCGCCCUGUGCCCGGCCCACUUCUGCUUCCUCUUAGCGCAGGAGGGGUCCCGCACUGGGAGGGGCCCUCAC,.(((.(.((((.(((.((((..(((((.(((((((...........))))))))))))..)))).)))..)))).).))),UAGCGCAGGAGGGG,....)))))))))),OOOOCGUCUUCCCC,2
1581,hsa-mir-887,GUGCAGAUCCUUGGGAGCCCUGUUAGACUCUGGAUUUUACACUUGGAGUGAACGGGCGCCAUCCCGAGGCUUUGCACAG,(((((((.((((((((((((((((..(((((((.........))))))).)))))).))..)))))))).)))))))..,ACUUGGAGUGAACG,..))))))).)))),OOGGUCUCAOUUGU,2
1582,hsa-mir-6803,CUCCUCUGGGGGUGGGGGGCUGGGCGUGGUGGACAGCGAUGCAUCCCUCGCCUUCUCACCCUCAG,.....(((((((((((((((.((((((.((.....)).))))...))..)))))).))))))))),CGAUGCAUCCCUCG,).))))...))..),GOUGCGOOOGGOOC,2
1583,hsa-mir-4671,UAUUUUAAGACCGAAGACUGUGCGCUAAUCUCUUAGCACUGAAGAUUAGUGCAUAGUCUUUGGUCUCAAAAUA,((((((.(((((((((((((((((((((((((........).)))))))))))))))))))))))).)))))),CUGAAGAUUAGUGC,..).)))))))))),OOCOUCUAAUCGCG,2
1584,hsa-mir-6734,AGAACUUGAGGGGAGAAUGAGGUGGAGAAGCCCAGGUUCUGAAUCCCCUUCCCUCACUCUUCUCUCAG,......((((((((((.(((((.((((.....(((...)))......))))))))).)))))))))).,CUGAAUCCCCUUCC,)))......))))),GACOOOOOOGAGGG,2
1585,hsa-mir-6728,CUAGAUUGGGAUGGUAGGACCAGAGGGGCUUACUGCCCUGUGGGGCUCUCUGGACCCAGUGCCAUGCUUCUCUGCUCUGCUCUCCCCAG,.((((..((.((((((((.((((((((.(((((......))))).)))))))).))...)))))).))..))))...............,CCAUGCUUCUCUGC,)))).))..)))).,GGUAOGGOOAGAUO,2
1586,hsa-mir-548h-4,GCUAUUAGGUUGGUGCAAAAGUAAUCGCGGUUUUUGUCAUUACUUUAAUUACUUUACGUUUCAUUAAUGACAAAAACCGCAAUUACUUUUGCACCAACCUAAUACUUGCUA,(((((((((((((((((((((((((.((((((((((((((((....(((........)))....)))))))))))))))).)))))))))))))))))))))))...))..,UUAAUGACAAAAAC,.))))))))))))),OAUUACUGUUUUUG,2
1587,hsa-mir-5088,CCCAUCAGGGCUCAGGGAUUGGAUGGAGGUGAUGGGGGCAGGGGAUGGGUCUCACCCUCCCUUCUUCCUGGGCCCUCAG,......((((((((((((..(((.(((((.(.(((((.(........).))))))))))).)))))))))))))))...,CUCACCCUCCCUUC,)))))))))).))),GGGUGGGAGGOAGG,2
1588,hsa-mir-6785,CUCCCUGGGAGGGCGUGGAUGAUGGUGGGAGAGGAGCCCCACUGUGGAAGUCUGACCCCCACAUCGCCCCACCUUCCCCAG,......(((((((.(.((.(((((.((((.(.(((...(((...)))...)))..).))))))))).))).)))))))...,GACCCCCACAUCGC,..).))))))))).,OOGOGGGUGUAGUO,2
1589,hsa-mir-382,UACUUGAAGAGAAGUUGUUCGUGGUGGAUUCGCUUUACUUAUGACGAAUCAUUCACGGACAACACUUUUUUCAGUA,((((.(((((((.(((((((((((..(((((((.........).))))))..)))))))))))..))))))))))),UAUGACGAAUCAUU,...).))))))..),OOOCOGCUUAGOOG,2
1590,hsa-mir-522,UCUCAGGCUGUGUCCCUCUAGAGGGAAGCGCUUUCUGUUGUCUGAAAGAAAAGAAAAUGGUUCCCUUUAGAGUGUUACGCUUUGAGA,((((((((.(((.(.((((((((((((.((.(((((....(((...)))..))))).)).)))))))))))).).))))).)))))),AGAAAAGAAAAUGG,)))..))))).)).,UCUOOUCUUUOGCO,2
1591,hsa-mir-145,CACCUUGUCCUCACGGUCCAGUUUUCCCAGGAAUCCCUUAGAUGCUAAGAUGGGGAUUCCUGGAAAUACUGUUCUUGAGGUCAUGGUU,.(((.((.(((((.((..((((.((.((((((((((((.............)))))))))))).)).))))..))))))).)).))).,AAGAUGGGGAUUCC,.....))))))))),OOOOOUCCCUAAGG,2
1592,hsa-mir-4781,AGGUGCACGCUCUAGCGGGGAUUCCAAUAUUGGGCCAAUUCCCCCAAUGUUGGAAUCCUCGCUAGAGCGUGCACUU,.(((((((((((((((((((((((((((((((((........))))))))))))))))))))))))))))))))).,UUCCCCCAAUGUUG,....)))))))))),OOOOGGGUUAUAAC,2
1593,hsa-mir-512-2,GGUACUUCUCAGUCUGUGGCACUCAGCCUUGAGGGCACUUUCUGGUGCCAGAAUGAAAGUGCUGUCAUAGCUGAGGUCCAAUGACUGAGGCGAGCACC,(((.((((((((((..(((..((((((..(((.(((((((((............))))))))).)))..))))))..)))..)))))))..))).))),AGAAUGAAAGUGCU,.....))))))))),OOOOOCUUUCACGG,2
1594,hsa-mir-873,GUGUGCAUUUGCAGGAACUUGUGAGUCUCCUAUUGAAAAUGAACAGGAGACUGAUGAGUUCCCGGGAACACCCACAA,(((.(..(((.(.(((((((((.((((((((.((.......)).)))))))).))))))))).).)))..).)))..,AUGAACAGGAGACU,...)).)))))))),OOOUUOUCCUCUGA,2
1595,hsa-mir-6751,UCUUCUUGGGGGUGAGGUUGGUGUCUGGCCCCAGCAGCCCAGACUGAGCCUCUCUCUCUCCAG,.......(((((.((((((.(.((((((.(......).))))))).)))))).))))).....,AGCCCAGACUGAGC,.).))))))).))),OCOGGUCUGGOUUG,2
1596,hsa-mir-196b,ACUGGUCGGUGAUUUAGGUAGUUUCCUGUUGUUGGGAUCCACCUUUCUCUCGACAGCACGACACUGCCUUCAUUACUUCAGUUG,(((((..((((((..(((((((.((.(((((((((((..........))))))))))).)).)))))))..)))))))))))..,CUUUCUCUCGACAG,.....))))))))),OOOOOAGGGUUGUU,2
1597,hsa-mir-124-3,UGAGGGCCCCUCUGCGUGUUCACAGCGGACCUUGAUUUAAUGUCUAUACAAUUAAGGCACGCGGUGAAUGCCAAGAGAGGCGCCUCC,.(((((((.((((..((((((((.(((..((((((((............))))))))..))).))))))))..)))).))).)))).,AUACAAUUAAGGCA,....))))))))..,OOOOUUAGUUCCOO,2
1598,hsa-mir-4485,AGAGGCACCGCCUGCCCAGUGACAUGCGUUUAACGGCCGCGGUACCCUAACUGUGCA,((.((.(((((..(((....(((....)))....))).))))).)))).........,AUGCGUUUAACGGC,....)))....))),OOOOCAGOOOOCCG,2
1599,hsa-mir-514a-2,GUUGUCUGUGGUACCCUACUCUGGAGAGUGACAAUCAUGUAUAACUAAAUUUGAUUGACACUUCUGUGAGUAGAGUAACGCAUGACAC,..((((((((.(((.((((((((((.((((.((((((.((........)).)))))).)))))))).)))))).))).)))).)))).,AAAUUUGAUUGACA,..)).)))))).)),OOUGOACUAACOGU,2
